object={
	name="tree_pine_01_b_generator_1_0"
	render_pass=Map
	clamp_to_water_level=no
	generated_content=yes
	layer="tree_high_layer"
	pdxmesh="tree_pine_01_b_mesh"
	count=932
	transform="734.629822 0.000000 1699.402466 0.000000 0.999811 0.000000 -0.019417 0.400000 0.400000 0.400000
739.927856 0.000000 1700.734497 0.000000 0.692424 0.000000 0.721491 0.400000 0.400000 0.400000
747.715881 0.000000 1703.672363 0.000000 0.488534 0.000000 -0.872545 0.400000 0.400000 0.400000
732.223938 0.000000 1698.309692 0.000000 0.450235 0.000000 0.892910 0.400000 0.400000 0.400000
670.637634 0.000000 1763.386841 0.000000 0.077899 0.000000 0.996961 0.400000 0.400000 0.400000
710.738586 0.000000 1998.419189 0.000000 0.976471 0.000000 -0.215648 0.400000 0.400000 0.400000
708.082947 0.000000 1984.769287 0.000000 0.409711 0.000000 0.912215 0.400000 0.400000 0.400000
980.848816 0.000000 2042.561890 0.000000 0.993234 0.000000 0.116131 0.400000 0.400000 0.400000
973.310486 0.000000 2039.963623 0.000000 0.462356 0.000000 -0.886694 0.400000 0.400000 0.400000
994.133728 0.000000 2044.668701 0.000000 0.999913 0.000000 0.013204 0.400000 0.400000 0.400000
1464.468384 0.000000 1971.885376 0.000000 0.674780 0.000000 0.738019 0.400000 0.400000 0.400000
1463.482422 0.000000 1977.281738 0.000000 0.318958 0.000000 -0.947769 0.400000 0.400000 0.400000
1459.525024 0.000000 2020.349976 0.000000 0.737814 0.000000 0.675004 0.400000 0.400000 0.400000
1468.379272 0.000000 2044.236328 0.000000 0.659548 0.000000 -0.751662 0.400000 0.400000 0.400000
1488.261230 0.000000 2028.873657 0.000000 0.374747 0.000000 0.927127 0.400000 0.400000 0.400000
1472.192871 0.000000 1986.808716 0.000000 0.796449 0.000000 -0.604706 0.400000 0.400000 0.400000
1480.381592 0.000000 2033.383789 0.000000 0.881784 0.000000 -0.471653 0.400000 0.400000 0.400000
1472.534302 0.000000 2017.681274 0.000000 0.016064 0.000000 0.999871 0.400000 0.400000 0.400000
1471.922363 0.000000 2044.587280 0.000000 0.154767 0.000000 -0.987951 0.400000 0.400000 0.400000
1476.077881 0.000000 2030.876709 0.000000 0.537306 0.000000 -0.843387 0.400000 0.400000 0.400000
3348.560059 0.000000 506.936890 0.000000 0.520851 0.000000 0.853648 0.400000 0.400000 0.400000
3333.155518 0.000000 506.446655 0.000000 0.841544 0.000000 0.540189 0.400000 0.400000 0.400000
3344.034912 0.000000 493.248688 0.000000 0.893847 0.000000 -0.448371 0.400000 0.400000 0.400000
3373.237305 0.000000 500.345886 0.000000 0.593618 0.000000 0.804747 0.400000 0.400000 0.400000
3388.145020 0.000000 508.611328 0.000000 0.738096 0.000000 0.674696 0.400000 0.400000 0.400000
3341.021484 0.000000 504.338654 0.000000 0.513457 0.000000 -0.858115 0.400000 0.400000 0.400000
3358.292725 0.000000 496.557770 0.000000 0.314399 0.000000 -0.949291 0.400000 0.400000 0.400000
3378.769531 0.000000 502.456116 0.000000 0.953227 0.000000 0.302254 0.400000 0.400000 0.400000
3345.675293 0.000000 500.334808 0.000000 0.281454 0.000000 -0.959575 0.400000 0.400000 0.400000
3337.955811 0.000000 509.588501 0.000000 0.995706 0.000000 0.092568 0.400000 0.400000 0.400000
3372.540527 0.000000 506.112366 0.000000 0.087742 0.000000 0.996143 0.400000 0.400000 0.400000
3349.658691 0.000000 492.513367 0.000000 0.711259 0.000000 -0.702930 0.400000 0.400000 0.400000
3383.248047 0.000000 505.641113 0.000000 0.189173 0.000000 -0.981944 0.400000 0.400000 0.400000
3333.171631 0.000000 511.828308 0.000000 0.954381 0.000000 -0.298591 0.400000 0.400000 0.400000
3341.577637 0.000000 497.550110 0.000000 0.844705 0.000000 -0.535233 0.400000 0.400000 0.400000
3362.027100 0.000000 499.885468 0.000000 0.225629 0.000000 -0.974213 0.400000 0.400000 0.400000
3336.854736 0.000000 502.717194 0.000000 0.485805 0.000000 -0.874067 0.400000 0.400000 0.400000
3347.367676 0.000000 496.228516 0.000000 0.070993 0.000000 -0.997477 0.400000 0.400000 0.400000
3349.364502 0.000000 502.236755 0.000000 0.189262 0.000000 0.981927 0.400000 0.400000 0.400000
3369.287109 0.000000 503.450745 0.000000 0.978650 0.000000 -0.205534 0.400000 0.400000 0.400000
3375.225586 0.000000 503.427063 0.000000 0.935049 0.000000 0.354518 0.400000 0.400000 0.400000
3379.961182 0.000000 505.706390 0.000000 0.430455 0.000000 -0.902612 0.400000 0.400000 0.400000
3391.688232 0.000000 508.962219 0.000000 0.785326 0.000000 0.619082 0.400000 0.400000 0.400000
3375.872070 0.000000 533.818298 0.000000 0.805442 0.000000 0.592675 0.400000 0.400000 0.400000
3355.960938 0.000000 519.539734 0.000000 0.931786 0.000000 0.363007 0.400000 0.400000 0.400000
3338.975586 0.000000 512.661865 0.000000 0.999883 0.000000 -0.015270 0.400000 0.400000 0.400000
3379.290771 0.000000 548.709412 0.000000 0.784653 0.000000 0.619936 0.400000 0.400000 0.400000
3349.168457 0.000000 512.229004 0.000000 0.413816 0.000000 -0.910360 0.400000 0.400000 0.400000
3388.051514 0.000000 555.684448 0.000000 0.266487 0.000000 -0.963839 0.400000 0.400000 0.400000
3369.135498 0.000000 528.287170 0.000000 0.548174 0.000000 -0.836365 0.400000 0.400000 0.400000
3373.731689 0.000000 542.161377 0.000000 0.180242 0.000000 0.983622 0.400000 0.400000 0.400000
3367.521729 0.000000 537.458740 0.000000 0.757105 0.000000 -0.653293 0.400000 0.400000 0.400000
3356.366455 0.000000 527.185791 0.000000 0.892936 0.000000 -0.450184 0.400000 0.400000 0.400000
3388.864014 0.000000 548.026917 0.000000 0.587455 0.000000 0.809257 0.400000 0.400000 0.400000
3381.113281 0.000000 542.097900 0.000000 0.750669 0.000000 0.660678 0.400000 0.400000 0.400000
3351.075439 0.000000 517.177979 0.000000 0.951672 0.000000 0.307115 0.400000 0.400000 0.400000
3370.801270 0.000000 533.654724 0.000000 0.562234 0.000000 -0.826978 0.400000 0.400000 0.400000
3385.897461 0.000000 543.864075 0.000000 0.282661 0.000000 -0.959220 0.400000 0.400000 0.400000
3363.882812 0.000000 528.425049 0.000000 0.862140 0.000000 0.506669 0.400000 0.400000 0.400000
3366.080322 0.000000 532.548523 0.000000 0.226610 0.000000 -0.973985 0.400000 0.400000 0.400000
3373.014648 0.000000 537.745178 0.000000 0.950982 0.000000 -0.309247 0.400000 0.400000 0.400000
3377.495117 0.000000 544.560913 0.000000 0.890424 0.000000 -0.455132 0.400000 0.400000 0.400000
3358.671143 0.000000 523.287354 0.000000 0.533136 0.000000 -0.846030 0.400000 0.400000 0.400000
3383.371582 0.000000 547.166382 0.000000 0.854515 0.000000 -0.519427 0.400000 0.400000 0.400000
3389.904297 0.000000 552.020203 0.000000 0.887891 0.000000 -0.460054 0.400000 0.400000 0.400000
3377.293457 0.000000 540.258667 0.000000 0.548630 0.000000 -0.836065 0.400000 0.400000 0.400000
3414.559570 0.000000 543.306885 0.000000 0.997883 0.000000 0.065036 0.400000 0.400000 0.400000
3393.562012 0.000000 554.886353 0.000000 0.659373 0.000000 -0.751816 0.400000 0.400000 0.400000
3408.652588 0.000000 529.292603 0.000000 0.329310 0.000000 -0.944222 0.400000 0.400000 0.400000
3401.261475 0.000000 522.120483 0.000000 0.980785 0.000000 0.195092 0.400000 0.400000 0.400000
3411.211426 0.000000 550.094299 0.000000 0.370966 0.000000 -0.928646 0.400000 0.400000 0.400000
3399.843018 0.000000 555.367493 0.000000 0.894171 0.000000 0.447725 0.400000 0.400000 0.400000
3398.374512 0.000000 516.562439 0.000000 0.860377 0.000000 -0.509657 0.400000 0.400000 0.400000
3416.993164 0.000000 548.605652 0.000000 0.583333 0.000000 -0.812233 0.400000 0.400000 0.400000
3406.325684 0.000000 523.040100 0.000000 0.858207 0.000000 -0.513304 0.400000 0.400000 0.400000
3411.461914 0.000000 533.353821 0.000000 0.980477 0.000000 -0.196636 0.400000 0.400000 0.400000
3406.954590 0.000000 552.534912 0.000000 0.655919 0.000000 0.754831 0.400000 0.400000 0.400000
3417.775391 0.000000 539.714355 0.000000 0.541840 0.000000 0.840482 0.400000 0.400000 0.400000
3419.154785 0.000000 544.125305 0.000000 0.698222 0.000000 0.715881 0.400000 0.400000 0.400000
3409.960938 0.000000 525.183167 0.000000 0.024878 0.000000 0.999690 0.400000 0.400000 0.400000
3395.754883 0.000000 513.128601 0.000000 0.622818 0.000000 -0.782366 0.400000 0.400000 0.400000
883.595337 0.000000 2084.334473 0.000000 0.998330 0.000000 0.057776 0.400000 0.400000 0.400000
877.787659 0.000000 2090.800537 0.000000 0.205124 0.000000 -0.978736 0.400000 0.400000 0.400000
893.168396 0.000000 2083.651855 0.000000 0.300910 0.000000 -0.953653 0.400000 0.400000 0.400000
871.745605 0.000000 2086.939209 0.000000 0.512560 0.000000 0.858651 0.400000 0.400000 0.400000
857.305542 0.000000 2084.230713 0.000000 0.823013 0.000000 -0.568023 0.400000 0.400000 0.400000
854.907410 0.000000 2088.039307 0.000000 0.767074 0.000000 0.641559 0.400000 0.400000 0.400000
861.994080 0.000000 2087.072510 0.000000 0.251037 0.000000 0.967978 0.400000 0.400000 0.400000
832.129028 0.000000 2136.363037 0.000000 0.083020 0.000000 -0.996548 0.400000 0.400000 0.400000
885.417908 0.000000 2141.707275 0.000000 0.004846 0.000000 0.999988 0.400000 0.400000 0.400000
884.350037 0.000000 2136.586914 0.000000 0.099682 0.000000 0.995019 0.400000 0.400000 0.400000
837.259521 0.000000 2135.810791 0.000000 0.502356 0.000000 -0.864661 0.400000 0.400000 0.400000
846.637878 0.000000 2122.649414 0.000000 0.586356 0.000000 -0.810053 0.400000 0.400000 0.400000
834.660889 0.000000 2141.026611 0.000000 0.410947 0.000000 -0.911659 0.400000 0.400000 0.400000
834.243286 0.000000 2132.062744 0.000000 0.978233 0.000000 0.207507 0.400000 0.400000 0.400000
861.468384 0.000000 2135.117676 0.000000 0.976881 0.000000 0.213785 0.400000 0.400000 0.400000
857.183777 0.000000 2129.436768 0.000000 0.883536 0.000000 0.468363 0.400000 0.400000 0.400000
861.524170 0.000000 2130.898438 0.000000 0.815787 0.000000 0.578352 0.400000 0.400000 0.400000
887.516296 0.000000 2138.643066 0.000000 0.914076 0.000000 -0.405544 0.400000 0.400000 0.400000
847.054260 0.000000 2126.113770 0.000000 0.610698 0.000000 -0.791863 0.400000 0.400000 0.400000
834.862976 0.000000 2137.902344 0.000000 0.093919 0.000000 0.995580 0.400000 0.400000 0.400000
837.953918 0.000000 2132.924805 0.000000 0.877905 0.000000 0.478835 0.400000 0.400000 0.400000
859.628967 0.000000 2132.903564 0.000000 0.791986 0.000000 0.610539 0.400000 0.400000 0.400000
834.507507 0.000000 2134.785156 0.000000 0.943869 0.000000 -0.330320 0.400000 0.400000 0.400000
858.849121 0.000000 2135.731201 0.000000 0.823304 0.000000 -0.567600 0.400000 0.400000 0.400000
884.098999 0.000000 2139.181641 0.000000 0.998749 0.000000 0.050007 0.400000 0.400000 0.400000
944.168762 0.000000 2069.443359 0.000000 0.689505 0.000000 0.724281 0.400000 0.400000 0.400000
918.864136 0.000000 2078.931885 0.000000 0.576999 0.000000 -0.816745 0.400000 0.400000 0.400000
897.866455 0.000000 2090.511475 0.000000 0.264940 0.000000 0.964265 0.400000 0.400000 0.400000
929.679810 0.000000 2068.411865 0.000000 0.184553 0.000000 -0.982823 0.400000 0.400000 0.400000
931.386414 0.000000 2048.062500 0.000000 0.225937 0.000000 -0.974142 0.400000 0.400000 0.400000
896.604492 0.000000 2081.665771 0.000000 0.997038 0.000000 -0.076916 0.400000 0.400000 0.400000
945.649414 0.000000 2060.981689 0.000000 0.989561 0.000000 0.144115 0.400000 0.400000 0.400000
937.432251 0.000000 2063.912109 0.000000 0.902774 0.000000 0.430115 0.400000 0.400000 0.400000
931.413330 0.000000 2058.644775 0.000000 0.821207 0.000000 0.570630 0.400000 0.400000 0.400000
943.440613 0.000000 2048.928223 0.000000 0.950789 0.000000 -0.309840 0.400000 0.400000 0.400000
957.320374 0.000000 2068.323730 0.000000 0.378103 0.000000 0.925764 0.400000 0.400000 0.400000
937.325562 0.000000 2049.571289 0.000000 0.318686 0.000000 -0.947860 0.400000 0.400000 0.400000
900.148071 0.000000 2094.861084 0.000000 0.990527 0.000000 0.137317 0.400000 0.400000 0.400000
904.057190 0.000000 2081.683350 0.000000 0.177231 0.000000 0.984169 0.400000 0.400000 0.400000
934.377075 0.000000 2068.173584 0.000000 0.881908 0.000000 -0.471422 0.400000 0.400000 0.400000
997.230774 0.000000 2080.630371 0.000000 0.890748 0.000000 -0.454497 0.400000 0.400000 0.400000
969.558105 0.000000 2057.745361 0.000000 0.716427 0.000000 0.697662 0.400000 0.400000 0.400000
970.244568 0.000000 2109.197998 0.000000 0.747137 0.000000 -0.664670 0.400000 0.400000 0.400000
971.740662 0.000000 2062.928711 0.000000 0.136370 0.000000 -0.990658 0.400000 0.400000 0.400000
985.587341 0.000000 2103.291748 0.000000 0.998629 0.000000 -0.052337 0.400000 0.400000 0.400000
1017.552307 0.000000 2095.194824 0.000000 0.982355 0.000000 -0.187025 0.400000 0.400000 0.400000
995.896606 0.000000 2084.640625 0.000000 0.588305 0.000000 -0.808639 0.400000 0.400000 0.400000
973.504028 0.000000 2107.520020 0.000000 0.800184 0.000000 0.599755 0.400000 0.400000 0.400000
1009.158081 0.000000 2099.056641 0.000000 0.859016 0.000000 -0.511948 0.400000 0.400000 0.400000
992.827759 0.000000 2085.417725 0.000000 0.962102 0.000000 -0.272691 0.400000 0.400000 0.400000
993.930420 0.000000 2082.518555 0.000000 0.485515 0.000000 0.874229 0.400000 0.400000 0.400000
984.267822 0.000000 2090.509277 0.000000 0.283139 0.000000 -0.959079 0.400000 0.400000 0.400000
944.168762 0.000000 2133.427734 0.000000 0.980224 0.000000 0.197890 0.400000 0.400000 0.400000
904.057617 0.000000 2140.808838 0.000000 0.153608 0.000000 -0.988132 0.400000 0.400000 0.400000
929.679810 0.000000 2132.396240 0.000000 0.201502 0.000000 0.979488 0.400000 0.400000 0.400000
954.301392 0.000000 2125.009766 0.000000 0.178277 0.000000 0.983980 0.400000 0.400000 0.400000
937.432251 0.000000 2127.896484 0.000000 0.957618 0.000000 0.288042 0.400000 0.400000 0.400000
912.096436 0.000000 2138.072021 0.000000 0.985662 0.000000 -0.168732 0.400000 0.400000 0.400000
935.818420 0.000000 2137.068115 0.000000 0.336656 0.000000 0.941628 0.400000 0.400000 0.400000
924.663147 0.000000 2126.795166 0.000000 0.850538 0.000000 -0.525914 0.400000 0.400000 0.400000
957.320374 0.000000 2132.308105 0.000000 0.871470 0.000000 -0.490449 0.400000 0.400000 0.400000
907.062378 0.000000 2136.555420 0.000000 0.876863 0.000000 0.480741 0.400000 0.400000 0.400000
942.463562 0.000000 2128.815186 0.000000 0.988306 0.000000 0.152483 0.400000 0.400000 0.400000
936.125427 0.000000 2123.519287 0.000000 0.932063 0.000000 0.362295 0.400000 0.400000 0.400000
928.553101 0.000000 2126.887939 0.000000 0.056331 0.000000 0.998412 0.400000 0.400000 0.400000
901.946106 0.000000 2132.924805 0.000000 0.881032 0.000000 0.473057 0.400000 0.400000 0.400000
933.510986 0.000000 2135.082764 0.000000 0.937723 0.000000 0.347384 0.400000 0.400000 0.400000
914.727905 0.000000 2136.375244 0.000000 0.983764 0.000000 -0.179468 0.400000 0.400000 0.400000
906.407898 0.000000 2139.321045 0.000000 0.024358 0.000000 0.999703 0.400000 0.400000 0.400000
979.521667 0.000000 2120.508057 0.000000 0.978503 0.000000 -0.206231 0.400000 0.400000 0.400000
976.475647 0.000000 2115.239014 0.000000 0.006972 0.000000 0.999976 0.400000 0.400000 0.400000
983.364258 0.000000 2116.787354 0.000000 0.947654 0.000000 0.319298 0.400000 0.400000 0.400000
966.707336 0.000000 2126.387939 0.000000 0.945953 0.000000 -0.324305 0.400000 0.400000 0.400000
965.371216 0.000000 2129.806641 0.000000 0.904163 0.000000 -0.427187 0.400000 0.400000 0.400000
986.908936 0.000000 2116.031494 0.000000 0.382811 0.000000 0.923827 0.400000 0.400000 0.400000
969.030029 0.000000 2128.682373 0.000000 0.130674 0.000000 0.991425 0.400000 0.400000 0.400000
981.260376 0.000000 2123.110107 0.000000 0.681248 0.000000 0.732052 0.400000 0.400000 0.400000
978.623291 0.000000 2117.527344 0.000000 0.770409 0.000000 0.637551 0.400000 0.400000 0.400000
982.211060 0.000000 2119.408203 0.000000 0.695022 0.000000 -0.718989 0.400000 0.400000 0.400000
532.903503 0.000000 3066.312012 0.000000 0.250108 0.000000 0.968218 0.400000 0.400000 0.400000
660.887878 0.000000 3066.312012 0.000000 0.595171 0.000000 -0.803599 0.400000 0.400000 0.400000
645.483459 0.000000 3065.821533 0.000000 0.025990 0.000000 -0.999662 0.400000 0.400000 0.400000
645.499634 0.000000 3071.203369 0.000000 0.992737 0.000000 0.120306 0.400000 0.400000 0.400000
1047.545898 0.000000 2097.915527 0.000000 0.759603 0.000000 -0.650387 0.400000 0.400000 0.400000
1069.764282 0.000000 2090.800537 0.000000 0.467827 0.000000 0.883820 0.400000 0.400000 0.400000
1024.375977 0.000000 2098.616699 0.000000 0.947424 0.000000 -0.319980 0.400000 0.400000 0.400000
1054.590820 0.000000 2083.308838 0.000000 0.563500 0.000000 -0.826116 0.400000 0.400000 0.400000
1086.042236 0.000000 2098.586182 0.000000 0.064316 0.000000 0.997930 0.400000 0.400000 0.400000
1049.282104 0.000000 2084.230713 0.000000 0.959715 0.000000 -0.280975 0.400000 0.400000 0.400000
1082.178467 0.000000 2079.489014 0.000000 0.848224 0.000000 0.529637 0.400000 0.400000 0.400000
1037.858643 0.000000 2097.159424 0.000000 0.811918 0.000000 0.583772 0.400000 0.400000 0.400000
1072.117676 0.000000 2095.698975 0.000000 0.187297 0.000000 -0.982303 0.400000 0.400000 0.400000
1026.219849 0.000000 2068.078369 0.000000 0.677826 0.000000 -0.735223 0.400000 0.400000 0.400000
1079.652588 0.000000 2082.791260 0.000000 0.027168 0.000000 -0.999631 0.400000 0.400000 0.400000
1028.291748 0.000000 2080.517090 0.000000 0.409232 0.000000 -0.912431 0.400000 0.400000 0.400000
1073.303711 0.000000 2092.005615 0.000000 0.562943 0.000000 -0.826496 0.400000 0.400000 0.400000
1029.930542 0.000000 2068.940430 0.000000 0.142579 0.000000 0.989783 0.400000 0.400000 0.400000
1037.917847 0.000000 2072.062988 0.000000 0.663168 0.000000 -0.748471 0.400000 0.400000 0.400000
1035.020874 0.000000 2096.000000 0.000000 0.031626 0.000000 0.999500 0.400000 0.400000 0.400000
1052.168945 0.000000 2084.831299 0.000000 0.229836 0.000000 0.973229 0.400000 0.400000 0.400000
1082.496704 0.000000 2082.693604 0.000000 0.779610 0.000000 0.626265 0.400000 0.400000 0.400000
1037.054077 0.000000 2074.565918 0.000000 0.445447 0.000000 -0.895308 0.400000 0.400000 0.400000
1074.743530 0.000000 2095.748779 0.000000 0.948150 0.000000 0.317822 0.400000 0.400000 0.400000
1029.804321 0.000000 2078.237061 0.000000 0.319755 0.000000 0.947500 0.400000 0.400000 0.400000
1025.840820 0.000000 2096.397705 0.000000 0.353732 0.000000 -0.935347 0.400000 0.400000 0.400000
1052.184814 0.000000 2082.216064 0.000000 0.976872 0.000000 0.213826 0.400000 0.400000 0.400000
1034.131348 0.000000 2099.294189 0.000000 0.989675 0.000000 0.143327 0.400000 0.400000 0.400000
1088.097778 0.000000 2072.378662 0.000000 0.331366 0.000000 -0.943502 0.400000 0.400000 0.400000
1096.668701 0.000000 2067.828125 0.000000 0.172308 0.000000 0.985043 0.400000 0.400000 0.400000
1099.725098 0.000000 2062.928711 0.000000 0.892048 0.000000 0.451940 0.400000 0.400000 0.400000
1093.228271 0.000000 2071.826416 0.000000 0.891783 0.000000 0.452463 0.400000 0.400000 0.400000
1094.691772 0.000000 2062.403564 0.000000 0.065184 0.000000 -0.997873 0.400000 0.400000 0.400000
1096.033813 0.000000 2081.683350 0.000000 0.086175 0.000000 0.996280 0.400000 0.400000 0.400000
1097.014526 0.000000 2064.697998 0.000000 0.683583 0.000000 0.729873 0.400000 0.400000 0.400000
1093.313477 0.000000 2075.604980 0.000000 0.791736 0.000000 0.610863 0.400000 0.400000 0.400000
1090.476318 0.000000 2070.800781 0.000000 0.672249 0.000000 -0.740325 0.400000 0.400000 0.400000
1150.821655 0.000000 2174.139404 0.000000 0.329372 0.000000 0.944200 0.400000 0.400000 0.400000
1190.811401 0.000000 2163.872803 0.000000 0.766171 0.000000 0.642637 0.400000 0.400000 0.400000
1196.806152 0.000000 2169.706055 0.000000 0.817409 0.000000 -0.576057 0.400000 0.400000 0.400000
1161.120361 0.000000 2166.311035 0.000000 0.988348 0.000000 -0.152210 0.400000 0.400000 0.400000
1177.055542 0.000000 2171.569092 0.000000 0.633551 0.000000 0.773701 0.400000 0.400000 0.400000
1169.236084 0.000000 2168.800537 0.000000 0.340799 0.000000 0.940136 0.400000 0.400000 0.400000
1155.344604 0.000000 2172.785889 0.000000 0.892055 0.000000 0.451926 0.400000 0.400000 0.400000
1160.765259 0.000000 2170.131104 0.000000 0.102096 0.000000 -0.994775 0.400000 0.400000 0.400000
1194.216553 0.000000 2163.009033 0.000000 0.010766 0.000000 -0.999942 0.400000 0.400000 0.400000
1199.567627 0.000000 2173.685547 0.000000 0.085273 0.000000 0.996358 0.400000 0.400000 0.400000
1171.332397 0.000000 2173.330078 0.000000 0.455544 0.000000 -0.890213 0.400000 0.400000 0.400000
1177.671631 0.000000 2174.584473 0.000000 0.583618 0.000000 0.812029 0.400000 0.400000 0.400000
1147.531616 0.000000 2181.846191 0.000000 0.344516 0.000000 -0.938780 0.400000 0.400000 0.400000
1149.514648 0.000000 2176.275391 0.000000 0.864181 0.000000 0.503180 0.400000 0.400000 0.400000
1151.226074 0.000000 2231.538574 0.000000 0.080040 0.000000 -0.996792 0.400000 0.400000 0.400000
1146.244629 0.000000 2177.437012 0.000000 0.613175 0.000000 0.789947 0.400000 0.400000 0.400000
1149.090088 0.000000 2233.257812 0.000000 0.394727 0.000000 -0.918799 0.400000 0.400000 0.400000
1141.541138 0.000000 2193.878174 0.000000 0.804288 0.000000 -0.594240 0.400000 0.400000 0.400000
1173.433838 0.000000 2175.822754 0.000000 0.893321 0.000000 0.449418 0.400000 0.400000 0.400000
1160.420654 0.000000 2225.336914 0.000000 0.207410 0.000000 0.978254 0.400000 0.400000 0.400000
1199.409424 0.000000 2176.896973 0.000000 0.872862 0.000000 -0.487967 0.400000 0.400000 0.400000
1175.340942 0.000000 2180.771729 0.000000 0.965928 0.000000 0.258811 0.400000 0.400000 0.400000
1177.266602 0.000000 2212.199463 0.000000 0.777379 0.000000 -0.629032 0.400000 0.400000 0.400000
1178.048828 0.000000 2203.308105 0.000000 0.542823 0.000000 0.839847 0.400000 0.400000 0.400000
1153.159424 0.000000 2232.014648 0.000000 0.997245 0.000000 0.074179 0.400000 0.400000 0.400000
1161.120361 0.000000 2230.295410 0.000000 0.999749 0.000000 0.022400 0.400000 0.400000 0.400000
1174.868408 0.000000 2216.008057 0.000000 0.883082 0.000000 -0.469219 0.400000 0.400000 0.400000
1177.317627 0.000000 2177.131348 0.000000 0.887275 0.000000 -0.461241 0.400000 0.400000 0.400000
1169.236084 0.000000 2232.784912 0.000000 0.961299 0.000000 -0.275505 0.400000 0.400000 0.400000
1164.367676 0.000000 2228.358154 0.000000 0.942287 0.000000 0.334807 0.400000 0.400000 0.400000
1155.344604 0.000000 2236.770264 0.000000 0.991030 0.000000 -0.133636 0.400000 0.400000 0.400000
1174.077881 0.000000 2211.736816 0.000000 0.072314 0.000000 -0.997382 0.400000 0.400000 0.400000
1152.391235 0.000000 2175.618652 0.000000 0.285791 0.000000 0.958292 0.400000 0.400000 0.400000
1177.385376 0.000000 2214.949951 0.000000 0.960637 0.000000 -0.277806 0.400000 0.400000 0.400000
1174.919922 0.000000 2178.183838 0.000000 0.041427 0.000000 -0.999142 0.400000 0.400000 0.400000
1173.904053 0.000000 2209.201660 0.000000 0.259804 0.000000 -0.965661 0.400000 0.400000 0.400000
1162.115723 0.000000 2227.262939 0.000000 0.879768 0.000000 0.475403 0.400000 0.400000 0.400000
1180.226440 0.000000 2247.117920 0.000000 0.834585 0.000000 -0.550878 0.400000 0.400000 0.400000
1182.793213 0.000000 2267.712402 0.000000 0.976260 0.000000 -0.216603 0.400000 0.400000 0.400000
1182.936646 0.000000 2250.865479 0.000000 0.679741 0.000000 0.733452 0.400000 0.400000 0.400000
1182.252197 0.000000 2270.773682 0.000000 0.524740 0.000000 -0.851263 0.400000 0.400000 0.400000
1227.709473 0.000000 2254.881836 0.000000 0.567763 0.000000 -0.823192 0.400000 0.400000 0.400000
1227.730713 0.000000 2251.737549 0.000000 0.131057 0.000000 0.991375 0.400000 0.400000 0.400000
1319.691040 0.000000 2150.923584 0.000000 0.108928 0.000000 -0.994050 0.400000 0.400000 0.400000
1305.250977 0.000000 2148.215088 0.000000 0.604509 0.000000 0.796598 0.400000 0.400000 0.400000
1312.788818 0.000000 2149.402100 0.000000 0.210813 0.000000 -0.977526 0.400000 0.400000 0.400000
1320.165405 0.000000 2237.409424 0.000000 0.998561 0.000000 0.053633 0.400000 0.400000 0.400000
1288.010742 0.000000 2204.793213 0.000000 0.887778 0.000000 -0.460271 0.400000 0.400000 0.400000
1296.284668 0.000000 2220.826904 0.000000 0.265099 0.000000 0.964221 0.400000 0.400000 0.400000
1311.158447 0.000000 2231.402588 0.000000 0.179127 0.000000 -0.983826 0.400000 0.400000 0.400000
1299.469116 0.000000 2213.687988 0.000000 0.847424 0.000000 -0.530917 0.400000 0.400000 0.400000
1295.427002 0.000000 2208.417725 0.000000 0.989685 0.000000 0.143258 0.400000 0.400000 0.400000
1288.100708 0.000000 2218.961182 0.000000 0.427565 0.000000 0.903985 0.400000 0.400000 0.400000
1297.925171 0.000000 2227.912842 0.000000 0.905727 0.000000 0.423861 0.400000 0.400000 0.400000
1285.096558 0.000000 2213.500977 0.000000 0.768463 0.000000 0.639894 0.400000 0.400000 0.400000
1301.908569 0.000000 2220.091553 0.000000 0.616677 0.000000 -0.787216 0.400000 0.400000 0.400000
1292.449829 0.000000 2205.102539 0.000000 0.656751 0.000000 -0.754107 0.400000 0.400000 0.400000
1302.852783 0.000000 2216.008057 0.000000 0.228158 0.000000 -0.973624 0.400000 0.400000 0.400000
1308.554077 0.000000 2234.165527 0.000000 0.934269 0.000000 0.356570 0.400000 0.400000 0.400000
1295.626099 0.000000 2212.367188 0.000000 0.886430 0.000000 -0.462862 0.400000 0.400000 0.400000
1314.751465 0.000000 2231.165527 0.000000 0.103541 0.000000 -0.994625 0.400000 0.400000 0.400000
1306.789673 0.000000 2224.969971 0.000000 0.658701 0.000000 0.752404 0.400000 0.400000 0.400000
1310.704224 0.000000 2236.438477 0.000000 0.077736 0.000000 0.996974 0.400000 0.400000 0.400000
1299.077759 0.000000 2221.033203 0.000000 0.937978 0.000000 -0.346695 0.400000 0.400000 0.400000
1308.118652 0.000000 2230.489014 0.000000 0.240834 0.000000 0.970566 0.400000 0.400000 0.400000
1364.802002 0.000000 2234.515137 0.000000 0.246385 0.000000 0.969172 0.400000 0.400000 0.400000
1383.763794 0.000000 2201.052490 0.000000 0.999642 0.000000 0.026760 0.400000 0.400000 0.400000
1385.270874 0.000000 2177.540039 0.000000 0.526729 0.000000 -0.850033 0.400000 0.400000 0.400000
1349.088745 0.000000 2213.500977 0.000000 0.792247 0.000000 0.610201 0.400000 0.400000 0.400000
1357.434082 0.000000 2196.252197 0.000000 0.494984 0.000000 0.868902 0.400000 0.400000 0.400000
1401.505493 0.000000 2223.163574 0.000000 0.361194 0.000000 0.932491 0.400000 0.400000 0.400000
1288.100708 0.000000 2282.945557 0.000000 0.634620 0.000000 0.772824 0.400000 0.400000 0.400000
1296.436646 0.000000 2243.207764 0.000000 0.224884 0.000000 0.974386 0.400000 0.400000 0.400000
1290.205566 0.000000 2301.151123 0.000000 0.010121 0.000000 0.999949 0.400000 0.400000 0.400000
1303.325317 0.000000 2244.756104 0.000000 0.884219 0.000000 -0.467073 0.400000 0.400000 0.400000
1291.947144 0.000000 2245.059326 0.000000 0.807871 0.000000 -0.589359 0.400000 0.400000 0.400000
1300.207520 0.000000 2243.083740 0.000000 0.986884 0.000000 -0.161432 0.400000 0.400000 0.400000
1287.096802 0.000000 2300.749756 0.000000 0.613736 0.000000 0.789512 0.400000 0.400000 0.400000
1289.505615 0.000000 2243.433594 0.000000 0.018091 0.000000 0.999836 0.400000 0.400000 0.400000
1294.391724 0.000000 2244.714600 0.000000 0.940600 0.000000 -0.339516 0.400000 0.400000 0.400000
1357.263672 0.000000 2295.901123 0.000000 0.995853 0.000000 0.090973 0.400000 0.400000 0.400000
1372.608521 0.000000 2254.763916 0.000000 0.485508 0.000000 -0.874232 0.400000 0.400000 0.400000
1399.207764 0.000000 2259.979492 0.000000 0.889340 0.000000 0.457247 0.400000 0.400000 0.400000
1348.747437 0.000000 2292.874023 0.000000 0.860259 0.000000 0.509858 0.400000 0.400000 0.400000
1373.461792 0.000000 2258.867188 0.000000 0.741001 0.000000 0.671503 0.400000 0.400000 0.400000
1385.249878 0.000000 2273.886230 0.000000 0.841131 0.000000 -0.540831 0.400000 0.400000 0.400000
1365.606689 0.000000 2293.799316 0.000000 0.999926 0.000000 -0.012190 0.400000 0.400000 0.400000
1441.617432 0.000000 2196.380615 0.000000 0.822035 0.000000 -0.569437 0.400000 0.400000 0.400000
1432.843506 0.000000 2197.801025 0.000000 0.728757 0.000000 -0.684773 0.400000 0.400000 0.400000
1463.199951 0.000000 2195.995117 0.000000 0.354695 0.000000 0.934982 0.400000 0.400000 0.400000
1436.332397 0.000000 2238.442139 0.000000 0.995256 0.000000 -0.097286 0.400000 0.400000 0.400000
1451.035522 0.000000 2197.248535 0.000000 0.973423 0.000000 0.229017 0.400000 0.400000 0.400000
1446.314697 0.000000 2196.142334 0.000000 0.856269 0.000000 0.516531 0.400000 0.400000 0.400000
1469.609375 0.000000 2191.934814 0.000000 0.873093 0.000000 0.487554 0.400000 0.400000 0.400000
1458.882324 0.000000 2194.198242 0.000000 0.900843 0.000000 -0.434146 0.400000 0.400000 0.400000
1437.453979 0.000000 2194.882812 0.000000 0.995440 0.000000 -0.095386 0.400000 0.400000 0.400000
1429.598877 0.000000 2229.814941 0.000000 0.451430 0.000000 0.892306 0.400000 0.400000 0.400000
1485.248047 0.000000 2231.916748 0.000000 0.959561 0.000000 -0.281502 0.400000 0.400000 0.400000
1464.468384 0.000000 2291.807373 0.000000 0.450812 0.000000 0.892619 0.400000 0.400000 0.400000
1459.525024 0.000000 2276.287598 0.000000 0.305789 0.000000 0.952099 0.400000 0.400000 0.400000
1458.190063 0.000000 2299.845703 0.000000 0.995939 0.000000 -0.090027 0.400000 0.400000 0.400000
1419.200684 0.000000 2277.261230 0.000000 0.343867 0.000000 -0.939018 0.400000 0.400000 0.400000
1416.629639 0.000000 2259.781250 0.000000 0.736813 0.000000 -0.676097 0.400000 0.400000 0.400000
1449.263062 0.000000 2241.524414 0.000000 0.812125 0.000000 -0.583484 0.400000 0.400000 0.400000
1452.774902 0.000000 2297.674805 0.000000 0.550410 0.000000 0.834895 0.400000 0.400000 0.400000
1463.482422 0.000000 2297.203613 0.000000 0.994084 0.000000 0.108611 0.400000 0.400000 0.400000
1415.994751 0.000000 2273.636475 0.000000 0.873124 0.000000 -0.487498 0.400000 0.400000 0.400000
1469.842529 0.000000 2249.720947 0.000000 0.995452 0.000000 0.095270 0.400000 0.400000 0.400000
1449.521362 0.000000 2295.013184 0.000000 0.705995 0.000000 0.708217 0.400000 0.400000 0.400000
1471.014160 0.000000 2246.355957 0.000000 0.563785 0.000000 0.825921 0.400000 0.400000 0.400000
1498.790039 0.000000 2281.258545 0.000000 0.960590 0.000000 0.277969 0.400000 0.400000 0.400000
1483.192871 0.000000 2277.261230 0.000000 0.782497 0.000000 0.622654 0.400000 0.400000 0.400000
1502.536133 0.000000 2275.261963 0.000000 0.250173 0.000000 0.968201 0.400000 0.400000 0.400000
1474.582886 0.000000 2268.995361 0.000000 0.450855 0.000000 0.892597 0.400000 0.400000 0.400000
1490.572754 0.000000 2281.811768 0.000000 0.679418 0.000000 0.733751 0.400000 0.400000 0.400000
1471.844971 0.000000 2246.136963 0.000000 0.648793 0.000000 -0.760965 0.400000 0.400000 0.400000
1268.525146 0.000000 2349.756836 0.000000 0.688358 0.000000 -0.725371 0.400000 0.400000 0.400000
1271.223389 0.000000 2323.963867 0.000000 0.186471 0.000000 0.982460 0.400000 0.400000 0.400000
1268.303223 0.000000 2328.540039 0.000000 0.669914 0.000000 0.742438 0.400000 0.400000 0.400000
1265.280396 0.000000 2347.943115 0.000000 0.508716 0.000000 0.860934 0.400000 0.400000 0.400000
1268.064697 0.000000 2325.166748 0.000000 0.673301 0.000000 0.739369 0.400000 0.400000 0.400000
1271.082153 0.000000 2327.218750 0.000000 0.990804 0.000000 -0.135304 0.400000 0.400000 0.400000
1281.345947 0.000000 2319.293945 0.000000 0.421133 0.000000 -0.906999 0.400000 0.400000 0.400000
1331.540649 0.000000 2340.271973 0.000000 0.474180 0.000000 -0.880428 0.400000 0.400000 0.400000
1280.557739 0.000000 2337.603271 0.000000 0.706062 0.000000 0.708151 0.400000 0.400000 0.400000
1341.113770 0.000000 2339.589355 0.000000 0.934617 0.000000 -0.355656 0.400000 0.400000 0.400000
1310.559570 0.000000 2339.246338 0.000000 0.534681 0.000000 -0.845054 0.400000 0.400000 0.400000
1282.161377 0.000000 2312.899414 0.000000 0.674866 0.000000 -0.737940 0.400000 0.400000 0.400000
1325.059570 0.000000 2339.827148 0.000000 0.316020 0.000000 0.948753 0.400000 0.400000 0.400000
1336.537842 0.000000 2343.033691 0.000000 0.662869 0.000000 0.748735 0.400000 0.400000 0.400000
1285.421509 0.000000 2367.375244 0.000000 0.903104 0.000000 -0.429423 0.400000 0.400000 0.400000
1291.015503 0.000000 2328.508545 0.000000 0.737867 0.000000 0.674946 0.400000 0.400000 0.400000
1331.714478 0.000000 2345.144043 0.000000 0.398210 0.000000 0.917294 0.400000 0.400000 0.400000
1315.857544 0.000000 2340.578125 0.000000 0.443415 0.000000 0.896316 0.400000 0.400000 0.400000
1328.017822 0.000000 2342.886230 0.000000 0.776270 0.000000 -0.630400 0.400000 0.400000 0.400000
1335.621338 0.000000 2338.728760 0.000000 0.996522 0.000000 -0.083336 0.400000 0.400000 0.400000
1285.332275 0.000000 2321.759766 0.000000 0.733452 0.000000 -0.679742 0.400000 0.400000 0.400000
1283.189209 0.000000 2316.500244 0.000000 0.950734 0.000000 0.310007 0.400000 0.400000 0.400000
1287.846069 0.000000 2329.559326 0.000000 0.397072 0.000000 -0.917788 0.400000 0.400000 0.400000
1285.899292 0.000000 2324.877930 0.000000 0.909896 0.000000 0.414836 0.400000 0.400000 0.400000
1339.284546 0.000000 2342.058105 0.000000 0.309207 0.000000 -0.950995 0.400000 0.400000 0.400000
1288.451416 0.000000 2326.745850 0.000000 0.790767 0.000000 -0.612117 0.400000 0.400000 0.400000
1313.891357 0.000000 2338.456055 0.000000 0.979286 0.000000 -0.202480 0.400000 0.400000 0.400000
1330.616943 0.000000 2342.637695 0.000000 0.646726 0.000000 0.762723 0.400000 0.400000 0.400000
1308.210815 0.000000 2375.086670 0.000000 0.943170 0.000000 0.332312 0.400000 0.400000 0.400000
1280.216309 0.000000 2370.715088 0.000000 0.972590 0.000000 -0.232527 0.400000 0.400000 0.400000
1310.777588 0.000000 2395.681152 0.000000 0.510428 0.000000 -0.859920 0.400000 0.400000 0.400000
1314.938721 0.000000 2393.031006 0.000000 0.983303 0.000000 -0.181977 0.400000 0.400000 0.400000
1321.002563 0.000000 2397.576660 0.000000 0.598454 0.000000 -0.801157 0.400000 0.400000 0.400000
1284.012695 0.000000 2368.675537 0.000000 0.580352 0.000000 0.814366 0.400000 0.400000 0.400000
1317.130615 0.000000 2396.461670 0.000000 0.547358 0.000000 -0.836899 0.400000 0.400000 0.400000
1300.207520 0.000000 2371.052490 0.000000 0.417972 0.000000 0.908460 0.400000 0.400000 0.400000
1537.112549 0.000000 2232.014648 0.000000 0.253934 0.000000 -0.967222 0.400000 0.400000 0.400000
1571.308350 0.000000 2240.015625 0.000000 0.838871 0.000000 -0.544330 0.400000 0.400000 0.400000
1560.827881 0.000000 2261.785400 0.000000 0.601061 0.000000 -0.799203 0.400000 0.400000 0.400000
1585.571289 0.000000 2252.934814 0.000000 0.547075 0.000000 -0.837083 0.400000 0.400000 0.400000
1588.696777 0.000000 2246.756348 0.000000 0.181620 0.000000 0.983369 0.400000 0.400000 0.400000
1555.688354 0.000000 2260.931885 0.000000 0.139669 0.000000 -0.990198 0.400000 0.400000 0.400000
1663.393799 0.000000 2286.303467 0.000000 0.620271 0.000000 0.784387 0.400000 0.400000 0.400000
1643.606567 0.000000 2279.531738 0.000000 0.977121 0.000000 -0.212683 0.400000 0.400000 0.400000
1672.358154 0.000000 2289.321289 0.000000 0.937579 0.000000 -0.347773 0.400000 0.400000 0.400000
560.215637 0.000000 3093.193359 0.000000 0.383933 0.000000 0.923361 0.400000 0.400000 0.400000
533.511902 0.000000 3071.604004 0.000000 0.211971 0.000000 -0.977276 0.400000 0.400000 0.400000
598.903198 0.000000 3102.681885 0.000000 0.563092 0.000000 0.826394 0.400000 0.400000 0.400000
631.301392 0.000000 3091.776367 0.000000 0.965079 0.000000 -0.261961 0.400000 0.400000 0.400000
652.407715 0.000000 3144.101807 0.000000 0.709498 0.000000 0.704707 0.400000 0.400000 0.400000
607.244385 0.000000 3255.152588 0.000000 0.783975 0.000000 -0.620792 0.400000 0.400000 0.400000
631.583923 0.000000 3320.953613 0.000000 0.980285 0.000000 0.197587 0.400000 0.400000 0.400000
605.499634 0.000000 3286.836426 0.000000 0.960353 0.000000 -0.278786 0.400000 0.400000 0.400000
631.707275 0.000000 3298.494385 0.000000 0.459064 0.000000 0.888403 0.400000 0.400000 0.400000
682.530579 0.000000 3247.053467 0.000000 0.700293 0.000000 0.713856 0.400000 0.400000 0.400000
724.880066 0.000000 3258.265137 0.000000 0.996367 0.000000 -0.085168 0.400000 0.400000 0.400000
741.118835 0.000000 3245.136475 0.000000 0.835479 0.000000 0.549523 0.400000 0.400000 0.400000
730.883667 0.000000 3241.024170 0.000000 0.478942 0.000000 -0.877847 0.400000 0.400000 0.400000
749.557373 0.000000 3251.674072 0.000000 0.810340 0.000000 -0.585961 0.400000 0.400000 0.400000
754.275940 0.000000 3259.611328 0.000000 0.315107 0.000000 0.949056 0.400000 0.400000 0.400000
742.866028 0.000000 3251.607178 0.000000 0.982203 0.000000 0.187822 0.400000 0.400000 0.400000
748.860779 0.000000 3257.440430 0.000000 0.552975 0.000000 0.833198 0.400000 0.400000 0.400000
734.640503 0.000000 3243.412842 0.000000 0.322391 0.000000 0.946606 0.400000 0.400000 0.400000
746.271179 0.000000 3250.743408 0.000000 0.065611 0.000000 -0.997845 0.400000 0.400000 0.400000
748.541016 0.000000 3254.486816 0.000000 0.879427 0.000000 -0.476034 0.400000 0.400000 0.400000
648.483032 0.000000 3313.071289 0.000000 0.665865 0.000000 -0.746072 0.400000 0.400000 0.400000
646.710266 0.000000 3267.890625 0.000000 0.785968 0.000000 0.618267 0.400000 0.400000 0.400000
652.025146 0.000000 3268.809326 0.000000 0.408823 0.000000 0.912614 0.400000 0.400000 0.400000
665.207214 0.000000 3281.155518 0.000000 0.823368 0.000000 -0.567508 0.400000 0.400000 0.400000
724.880066 0.000000 3322.249512 0.000000 0.746225 0.000000 -0.665694 0.400000 0.400000 0.400000
760.554260 0.000000 3315.557373 0.000000 0.386192 0.000000 0.922418 0.400000 0.400000 0.400000
726.887573 0.000000 3294.635010 0.000000 0.525239 0.000000 -0.850955 0.400000 0.400000 0.400000
758.967285 0.000000 3263.955322 0.000000 0.741305 0.000000 0.671169 0.400000 0.400000 0.400000
741.118835 0.000000 3309.120850 0.000000 0.880638 0.000000 0.473790 0.400000 0.400000 0.400000
755.610962 0.000000 3300.037598 0.000000 0.729827 0.000000 -0.683632 0.400000 0.400000 0.400000
744.235596 0.000000 3325.143799 0.000000 0.282283 0.000000 0.959331 0.400000 0.400000 0.400000
712.081055 0.000000 3292.527588 0.000000 0.714907 0.000000 -0.699219 0.400000 0.400000 0.400000
720.354980 0.000000 3308.561279 0.000000 0.598696 0.000000 -0.800976 0.400000 0.400000 0.400000
741.262024 0.000000 3296.333496 0.000000 0.602908 0.000000 0.797811 0.400000 0.400000 0.400000
730.883667 0.000000 3305.008545 0.000000 0.792960 0.000000 0.609273 0.400000 0.400000 0.400000
749.557373 0.000000 3315.658447 0.000000 0.598659 0.000000 0.801004 0.400000 0.400000 0.400000
764.465088 0.000000 3323.923828 0.000000 0.998090 0.000000 0.061769 0.400000 0.400000 0.400000
764.371643 0.000000 3307.012695 0.000000 0.993491 0.000000 -0.113913 0.400000 0.400000 0.400000
754.275940 0.000000 3323.595703 0.000000 0.672382 0.000000 0.740204 0.400000 0.400000 0.400000
715.286621 0.000000 3301.011230 0.000000 0.033516 0.000000 0.999438 0.400000 0.400000 0.400000
727.584961 0.000000 3313.618652 0.000000 0.616467 0.000000 -0.787380 0.400000 0.400000 0.400000
723.539368 0.000000 3301.422363 0.000000 0.515914 0.000000 0.856640 0.400000 0.400000 0.400000
756.587585 0.000000 3309.522461 0.000000 0.769478 0.000000 0.638673 0.400000 0.400000 0.400000
732.418274 0.000000 3326.176514 0.000000 0.029374 0.000000 0.999569 0.400000 0.400000 0.400000
763.578430 0.000000 3269.580566 0.000000 0.885779 0.000000 0.464108 0.400000 0.400000 0.400000
743.761230 0.000000 3302.642334 0.000000 0.923728 0.000000 -0.383050 0.400000 0.400000 0.400000
742.866028 0.000000 3315.591553 0.000000 0.065492 0.000000 0.997853 0.400000 0.400000 0.400000
719.497253 0.000000 3296.152100 0.000000 0.996884 0.000000 0.078877 0.400000 0.400000 0.400000
755.089722 0.000000 3317.768555 0.000000 0.574624 0.000000 0.818417 0.400000 0.400000 0.400000
721.995361 0.000000 3315.647217 0.000000 0.947516 0.000000 -0.319709 0.400000 0.400000 0.400000
737.581482 0.000000 3304.071777 0.000000 0.874063 0.000000 -0.485813 0.400000 0.400000 0.400000
766.081299 0.000000 3314.289307 0.000000 0.634194 0.000000 0.773174 0.400000 0.400000 0.400000
748.860779 0.000000 3321.424805 0.000000 0.375910 0.000000 0.926656 0.400000 0.400000 0.400000
738.164978 0.000000 3324.356201 0.000000 0.170896 0.000000 -0.985289 0.400000 0.400000 0.400000
729.618591 0.000000 3318.994873 0.000000 0.993007 0.000000 0.118059 0.400000 0.400000 0.400000
725.978882 0.000000 3307.825928 0.000000 0.642584 0.000000 -0.766215 0.400000 0.400000 0.400000
746.522766 0.000000 3311.037842 0.000000 0.897887 0.000000 -0.440226 0.400000 0.400000 0.400000
759.568298 0.000000 3320.953613 0.000000 0.927822 0.000000 -0.373023 0.400000 0.400000 0.400000
729.321167 0.000000 3299.933838 0.000000 0.645397 0.000000 0.763848 0.400000 0.400000 0.400000
767.272827 0.000000 3319.272949 0.000000 0.385373 0.000000 -0.922761 0.400000 0.400000 0.400000
741.897949 0.000000 3320.627930 0.000000 0.711311 0.000000 0.702877 0.400000 0.400000 0.400000
717.897705 0.000000 3312.862549 0.000000 0.999434 0.000000 0.033640 0.400000 0.400000 0.400000
750.487000 0.000000 3280.533936 0.000000 0.923626 0.000000 -0.383294 0.400000 0.400000 0.400000
712.080627 0.000000 3297.386475 0.000000 0.881362 0.000000 0.472442 0.400000 0.400000 0.400000
752.156738 0.000000 3311.402100 0.000000 0.804964 0.000000 0.593323 0.400000 0.400000 0.400000
761.583557 0.000000 3310.897949 0.000000 0.292925 0.000000 -0.956135 0.400000 0.400000 0.400000
755.784729 0.000000 3304.909668 0.000000 0.991327 0.000000 0.131418 0.400000 0.400000 0.400000
738.347351 0.000000 3315.197998 0.000000 0.999509 0.000000 0.031327 0.400000 0.400000 0.400000
716.520142 0.000000 3292.836914 0.000000 0.997700 0.000000 0.067779 0.400000 0.400000 0.400000
745.273071 0.000000 3306.726807 0.000000 0.989581 0.000000 -0.143977 0.400000 0.400000 0.400000
723.687744 0.000000 3311.541016 0.000000 0.272795 0.000000 0.962072 0.400000 0.400000 0.400000
729.110168 0.000000 3323.287842 0.000000 0.357314 0.000000 0.933984 0.400000 0.400000 0.400000
756.423035 0.000000 3313.748779 0.000000 0.989984 0.000000 0.141180 0.400000 0.400000 0.400000
766.224365 0.000000 3303.348389 0.000000 0.373886 0.000000 -0.927474 0.400000 0.400000 0.400000
725.684753 0.000000 3317.549316 0.000000 0.512607 0.000000 0.858623 0.400000 0.400000 0.400000
745.607239 0.000000 3318.763184 0.000000 0.964196 0.000000 -0.265191 0.400000 0.400000 0.400000
726.923035 0.000000 3303.742432 0.000000 0.966833 0.000000 0.255411 0.400000 0.400000 0.400000
757.903076 0.000000 3325.269287 0.000000 0.876350 0.000000 -0.481676 0.400000 0.400000 0.400000
726.397400 0.000000 3325.910645 0.000000 0.181710 0.000000 -0.983352 0.400000 0.400000 0.400000
719.696350 0.000000 3300.101562 0.000000 0.277289 0.000000 -0.960787 0.400000 0.400000 0.400000
753.342834 0.000000 3307.708740 0.000000 0.990957 0.000000 0.134176 0.400000 0.400000 0.400000
751.545715 0.000000 3318.739502 0.000000 0.398682 0.000000 0.917089 0.400000 0.400000 0.400000
737.659058 0.000000 3310.156250 0.000000 0.079390 0.000000 -0.996844 0.400000 0.400000 0.400000
738.821716 0.000000 3318.899902 0.000000 0.305892 0.000000 -0.952066 0.400000 0.400000 0.400000
754.767090 0.000000 3327.178223 0.000000 0.999927 0.000000 0.012120 0.400000 0.400000 0.400000
743.144165 0.000000 3311.901123 0.000000 0.676376 0.000000 0.736556 0.400000 0.400000 0.400000
761.433777 0.000000 3325.537598 0.000000 0.999719 0.000000 0.023694 0.400000 0.400000 0.400000
746.271179 0.000000 3314.727783 0.000000 0.845736 0.000000 0.533601 0.400000 0.400000 0.400000
753.189331 0.000000 3314.759766 0.000000 0.335019 0.000000 -0.942211 0.400000 0.400000 0.400000
726.132446 0.000000 3299.471191 0.000000 0.815576 0.000000 0.578651 0.400000 0.400000 0.400000
736.117493 0.000000 3326.952393 0.000000 0.855868 0.000000 0.517195 0.400000 0.400000 0.400000
745.156067 0.000000 3322.135498 0.000000 0.549629 0.000000 -0.835409 0.400000 0.400000 0.400000
758.283936 0.000000 3317.978271 0.000000 0.498201 0.000000 -0.867062 0.400000 0.400000 0.400000
756.281372 0.000000 3321.018799 0.000000 0.269552 0.000000 0.962986 0.400000 0.400000 0.400000
740.065979 0.000000 3312.177490 0.000000 0.405772 0.000000 -0.913974 0.400000 0.400000 0.400000
723.387085 0.000000 3325.048828 0.000000 0.657652 0.000000 -0.753322 0.400000 0.400000 0.400000
738.665649 0.000000 3307.231934 0.000000 0.671626 0.000000 -0.740891 0.400000 0.400000 0.400000
741.247742 0.000000 3324.632812 0.000000 0.740037 0.000000 -0.672566 0.400000 0.400000 0.400000
749.209106 0.000000 3312.641602 0.000000 0.438038 0.000000 0.898956 0.400000 0.400000 0.400000
720.925171 0.000000 3312.785645 0.000000 0.963874 0.000000 0.266357 0.400000 0.400000 0.400000
724.702759 0.000000 3314.371094 0.000000 0.195029 0.000000 0.980797 0.400000 0.400000 0.400000
758.672852 0.000000 3311.728027 0.000000 0.974694 0.000000 -0.223544 0.400000 0.400000 0.400000
726.996460 0.000000 3310.676758 0.000000 0.080433 0.000000 -0.996760 0.400000 0.400000 0.400000
727.036011 0.000000 3320.278320 0.000000 0.946734 0.000000 -0.322016 0.400000 0.400000 0.400000
728.299072 0.000000 3306.212402 0.000000 0.403899 0.000000 0.914803 0.400000 0.400000 0.400000
723.147949 0.000000 3308.767578 0.000000 0.908775 0.000000 0.417287 0.400000 0.400000 0.400000
717.083618 0.000000 3298.806152 0.000000 0.328814 0.000000 -0.944395 0.400000 0.400000 0.400000
744.222900 0.000000 3309.316162 0.000000 0.936287 0.000000 -0.351237 0.400000 0.400000 0.400000
724.038574 0.000000 3319.668945 0.000000 0.703775 0.000000 -0.710423 0.400000 0.400000 0.400000
741.352295 0.000000 3317.981689 0.000000 0.695962 0.000000 -0.718079 0.400000 0.400000 0.400000
739.892029 0.000000 3322.400146 0.000000 0.581697 0.000000 -0.813405 0.400000 0.400000 0.400000
759.903809 0.000000 3323.504150 0.000000 0.431466 0.000000 0.902129 0.400000 0.400000 0.400000
799.220947 0.000000 3255.152588 0.000000 0.629306 0.000000 0.777158 0.400000 0.400000 0.400000
796.410461 0.000000 3262.192139 0.000000 0.536775 0.000000 -0.843725 0.400000 0.400000 0.400000
802.157166 0.000000 3260.371826 0.000000 0.442728 0.000000 -0.896656 0.400000 0.400000 0.400000
793.610779 0.000000 3255.010498 0.000000 0.746960 0.000000 0.664869 0.400000 0.400000 0.400000
779.078003 0.000000 3224.289795 0.000000 0.059031 0.000000 0.998256 0.400000 0.400000 0.400000
805.890137 0.000000 3256.643555 0.000000 0.923921 0.000000 -0.382583 0.400000 0.400000 0.400000
796.574585 0.000000 3251.628418 0.000000 0.941250 0.000000 0.337709 0.400000 0.400000 0.400000
793.102356 0.000000 3259.303467 0.000000 0.395617 0.000000 0.918416 0.400000 0.400000 0.400000
812.447205 0.000000 3261.984131 0.000000 0.436466 0.000000 -0.899721 0.400000 0.400000 0.400000
790.389587 0.000000 3261.926270 0.000000 0.940043 0.000000 0.341056 0.400000 0.400000 0.400000
796.616577 0.000000 3257.915527 0.000000 0.167737 0.000000 -0.985832 0.400000 0.400000 0.400000
800.109680 0.000000 3262.968018 0.000000 0.126381 0.000000 -0.991982 0.400000 0.400000 0.400000
794.852173 0.000000 3248.719971 0.000000 0.416782 0.000000 0.909006 0.400000 0.400000 0.400000
798.766602 0.000000 3260.188477 0.000000 0.974433 0.000000 0.224679 0.400000 0.400000 0.400000
799.425293 0.000000 3252.183350 0.000000 0.997897 0.000000 -0.064819 0.400000 0.400000 0.400000
793.718384 0.000000 3262.318848 0.000000 0.495413 0.000000 0.868657 0.400000 0.400000 0.400000
869.103210 0.000000 3245.136475 0.000000 0.982119 0.000000 0.188260 0.400000 0.400000 0.400000
837.460022 0.000000 3257.774658 0.000000 0.443307 0.000000 -0.896370 0.400000 0.400000 0.400000
872.219971 0.000000 3261.159424 0.000000 0.112882 0.000000 0.993608 0.400000 0.400000 0.400000
848.964905 0.000000 3216.636230 0.000000 0.153830 0.000000 0.988097 0.400000 0.400000 0.400000
858.868042 0.000000 3241.024170 0.000000 0.958343 0.000000 0.285620 0.400000 0.400000 0.400000
863.213135 0.000000 3255.152588 0.000000 0.627036 0.000000 -0.778990 0.400000 0.400000 0.400000
877.541748 0.000000 3251.674072 0.000000 0.357538 0.000000 0.933899 0.400000 0.400000 0.400000
841.573730 0.000000 3209.464111 0.000000 0.592651 0.000000 -0.805459 0.400000 0.400000 0.400000
882.260315 0.000000 3259.611328 0.000000 0.701291 0.000000 0.712876 0.400000 0.400000 0.400000
843.270996 0.000000 3237.026855 0.000000 0.842403 0.000000 0.538848 0.400000 0.400000 0.400000
856.913696 0.000000 3221.551025 0.000000 0.441116 0.000000 -0.897450 0.400000 0.400000 0.400000
877.787659 0.000000 3242.519287 0.000000 0.797736 0.000000 -0.603007 0.400000 0.400000 0.400000
851.523743 0.000000 3237.437988 0.000000 0.247964 0.000000 0.968769 0.400000 0.400000 0.400000
860.402649 0.000000 3262.192139 0.000000 0.906487 0.000000 -0.422233 0.400000 0.400000 0.400000
862.597290 0.000000 3247.885986 0.000000 0.450050 0.000000 0.893003 0.400000 0.400000 0.400000
871.745605 0.000000 3238.657959 0.000000 0.999975 0.000000 -0.007112 0.400000 0.400000 0.400000
870.850403 0.000000 3251.607178 0.000000 0.999285 0.000000 0.037815 0.400000 0.400000 0.400000
832.000427 0.000000 3260.290283 0.000000 0.026850 0.000000 -0.999639 0.400000 0.400000 0.400000
838.686829 0.000000 3203.906250 0.000000 0.494607 0.000000 -0.869117 0.400000 0.400000 0.400000
865.565857 0.000000 3240.087402 0.000000 0.135544 0.000000 -0.990771 0.400000 0.400000 0.400000
837.151245 0.000000 3237.250977 0.000000 0.979832 0.000000 -0.199824 0.400000 0.400000 0.400000
876.845154 0.000000 3257.440430 0.000000 0.784409 0.000000 -0.620244 0.400000 0.400000 0.400000
866.149353 0.000000 3260.371826 0.000000 0.464711 0.000000 0.885462 0.400000 0.400000 0.400000
848.271179 0.000000 3261.360107 0.000000 0.758336 0.000000 0.651864 0.400000 0.400000 0.400000
853.963257 0.000000 3243.841553 0.000000 0.294693 0.000000 -0.955592 0.400000 0.400000 0.400000
874.507141 0.000000 3247.053467 0.000000 0.997464 0.000000 0.071178 0.400000 0.400000 0.400000
887.552673 0.000000 3256.969238 0.000000 0.817129 0.000000 -0.576455 0.400000 0.400000 0.400000
837.476196 0.000000 3263.156494 0.000000 0.483402 0.000000 -0.875398 0.400000 0.400000 0.400000
869.882324 0.000000 3256.643555 0.000000 0.248920 0.000000 0.968524 0.400000 0.400000 0.400000
836.809875 0.000000 3252.639648 0.000000 0.808738 0.000000 -0.588169 0.400000 0.400000 0.400000
845.496582 0.000000 3220.002197 0.000000 0.607501 0.000000 -0.794319 0.400000 0.400000 0.400000
880.141113 0.000000 3247.417725 0.000000 0.084948 0.000000 0.996385 0.400000 0.400000 0.400000
858.087830 0.000000 3227.058105 0.000000 0.969945 0.000000 -0.243324 0.400000 0.400000 0.400000
866.331726 0.000000 3251.213623 0.000000 0.745540 0.000000 -0.666460 0.400000 0.400000 0.400000
873.257446 0.000000 3242.742432 0.000000 0.495206 0.000000 -0.868775 0.400000 0.400000 0.400000
862.624878 0.000000 3243.412842 0.000000 0.892568 0.000000 0.450912 0.400000 0.400000 0.400000
867.912231 0.000000 3236.359375 0.000000 0.109742 0.000000 0.993960 0.400000 0.400000 0.400000
873.591614 0.000000 3254.778809 0.000000 0.853257 0.000000 -0.521490 0.400000 0.400000 0.400000
876.439392 0.000000 3261.984131 0.000000 0.328146 0.000000 -0.944627 0.400000 0.400000 0.400000
854.907410 0.000000 3239.758057 0.000000 0.777162 0.000000 0.629301 0.400000 0.400000 0.400000
885.887451 0.000000 3261.284912 0.000000 0.992848 0.000000 -0.119382 0.400000 0.400000 0.400000
875.700256 0.000000 3239.297363 0.000000 0.919865 0.000000 0.392235 0.400000 0.400000 0.400000
860.608765 0.000000 3257.915527 0.000000 0.939378 0.000000 0.342884 0.400000 0.400000 0.400000
850.650757 0.000000 3241.577393 0.000000 0.080145 0.000000 0.996783 0.400000 0.400000 0.400000
861.994080 0.000000 3238.791260 0.000000 0.213904 0.000000 0.976855 0.400000 0.400000 0.400000
881.327209 0.000000 3243.724365 0.000000 0.120663 0.000000 -0.992694 0.400000 0.400000 0.400000
869.180603 0.000000 3241.498047 0.000000 0.994180 0.000000 0.107734 0.400000 0.400000 0.400000
879.530090 0.000000 3254.755127 0.000000 0.969494 0.000000 -0.245116 0.400000 0.400000 0.400000
865.643433 0.000000 3246.171875 0.000000 0.978247 0.000000 -0.207446 0.400000 0.400000 0.400000
882.751465 0.000000 3263.193848 0.000000 0.627827 0.000000 0.778353 0.400000 0.400000 0.400000
871.128540 0.000000 3247.916748 0.000000 0.353063 0.000000 0.935599 0.400000 0.400000 0.400000
835.383667 0.000000 3260.520264 0.000000 0.687002 0.000000 -0.726656 0.400000 0.400000 0.400000
874.255554 0.000000 3250.743408 0.000000 0.673176 0.000000 -0.739482 0.400000 0.400000 0.400000
864.101868 0.000000 3262.968018 0.000000 0.002518 0.000000 0.999997 0.400000 0.400000 0.400000
879.606689 0.000000 3261.419922 0.000000 0.091118 0.000000 0.995840 0.400000 0.400000 0.400000
873.140442 0.000000 3258.151123 0.000000 0.879835 0.000000 -0.475279 0.400000 0.400000 0.400000
868.050354 0.000000 3248.193115 0.000000 0.055313 0.000000 -0.998469 0.400000 0.400000 0.400000
877.285522 0.000000 3245.612793 0.000000 0.860034 0.000000 0.510237 0.400000 0.400000 0.400000
862.758789 0.000000 3260.188477 0.000000 0.996000 0.000000 0.089355 0.400000 0.400000 0.400000
869.232117 0.000000 3260.648438 0.000000 0.872709 0.000000 -0.488241 0.400000 0.400000 0.400000
877.193481 0.000000 3248.657227 0.000000 0.286975 0.000000 -0.957938 0.400000 0.400000 0.400000
864.843384 0.000000 3237.136475 0.000000 0.988820 0.000000 0.149111 0.400000 0.400000 0.400000
865.038269 0.000000 3257.624756 0.000000 0.465696 0.000000 0.884945 0.400000 0.400000 0.400000
879.778259 0.000000 3257.843994 0.000000 0.677604 0.000000 0.735427 0.400000 0.400000 0.400000
876.525391 0.000000 3254.486816 0.000000 0.749426 0.000000 0.662088 0.400000 0.400000 0.400000
872.207275 0.000000 3245.331787 0.000000 0.843522 0.000000 0.537095 0.400000 0.400000 0.400000
869.336670 0.000000 3253.997314 0.000000 0.174876 0.000000 -0.984590 0.400000 0.400000 0.400000
868.360229 0.000000 3238.965088 0.000000 0.888709 0.000000 -0.458472 0.400000 0.400000 0.400000
875.209595 0.000000 3259.706299 0.000000 0.058265 0.000000 0.998301 0.400000 0.400000 0.400000
880.518066 0.000000 3241.235352 0.000000 0.991017 0.000000 0.133736 0.400000 0.400000 0.400000
867.876404 0.000000 3258.415771 0.000000 0.058899 0.000000 -0.998264 0.400000 0.400000 0.400000
881.723572 0.000000 3256.158203 0.000000 0.994036 0.000000 0.109052 0.400000 0.400000 0.400000
875.276367 0.000000 3244.172363 0.000000 0.389969 0.000000 -0.920828 0.400000 0.400000 0.400000
788.872253 0.000000 3322.249512 0.000000 0.813261 0.000000 -0.581899 0.400000 0.400000 0.400000
790.879761 0.000000 3294.635010 0.000000 0.673088 0.000000 -0.739562 0.400000 0.400000 0.400000
796.273254 0.000000 3270.867920 0.000000 0.981921 0.000000 0.189289 0.400000 0.400000 0.400000
773.467834 0.000000 3321.759033 0.000000 0.973010 0.000000 -0.230763 0.400000 0.400000 0.400000
808.227783 0.000000 3325.143799 0.000000 0.966388 0.000000 -0.257087 0.400000 0.400000 0.400000
810.891479 0.000000 3271.149658 0.000000 0.029186 0.000000 -0.999574 0.400000 0.400000 0.400000
826.317017 0.000000 3276.728516 0.000000 0.742270 0.000000 -0.670101 0.400000 0.400000 0.400000
799.220947 0.000000 3319.136963 0.000000 0.795792 0.000000 0.605570 0.400000 0.400000 0.400000
803.402039 0.000000 3263.765625 0.000000 0.061630 0.000000 -0.998099 0.400000 0.400000 0.400000
779.278809 0.000000 3301.011230 0.000000 0.996088 0.000000 0.088368 0.400000 0.400000 0.400000
768.136841 0.000000 3288.081787 0.000000 0.722678 0.000000 0.691185 0.400000 0.400000 0.400000
809.447876 0.000000 3279.615234 0.000000 0.571431 0.000000 0.820650 0.400000 0.400000 0.400000
803.428955 0.000000 3274.347900 0.000000 0.985254 0.000000 0.171099 0.400000 0.400000 0.400000
796.678772 0.000000 3278.513916 0.000000 0.706879 0.000000 0.707335 0.400000 0.400000 0.400000
815.456238 0.000000 3264.631348 0.000000 0.297778 0.000000 0.954635 0.400000 0.400000 0.400000
823.277954 0.000000 3283.729492 0.000000 0.579190 0.000000 -0.815193 0.400000 0.400000 0.400000
796.410461 0.000000 3326.176514 0.000000 0.671712 0.000000 0.740812 0.400000 0.400000 0.400000
820.790466 0.000000 3270.506348 0.000000 0.638550 0.000000 0.769580 0.400000 0.400000 0.400000
783.489441 0.000000 3296.152100 0.000000 0.405484 0.000000 -0.914102 0.400000 0.400000 0.400000
797.410767 0.000000 3264.926758 0.000000 0.425634 0.000000 -0.904896 0.400000 0.400000 0.400000
768.008240 0.000000 3324.274658 0.000000 0.143198 0.000000 0.989694 0.400000 0.400000 0.400000
802.157166 0.000000 3324.356201 0.000000 0.978173 0.000000 -0.207791 0.400000 0.400000 0.400000
829.553650 0.000000 3264.009766 0.000000 0.296543 0.000000 0.955020 0.400000 0.400000 0.400000
793.610779 0.000000 3318.994873 0.000000 0.858040 0.000000 0.513583 0.400000 0.400000 0.400000
789.971069 0.000000 3307.825928 0.000000 0.992239 0.000000 0.124348 0.400000 0.400000 0.400000
805.333313 0.000000 3268.947266 0.000000 0.842467 0.000000 -0.538748 0.400000 0.400000 0.400000
773.484009 0.000000 3327.140869 0.000000 0.760260 0.000000 -0.649619 0.400000 0.400000 0.400000
770.668701 0.000000 3292.745361 0.000000 0.798253 0.000000 -0.602323 0.400000 0.400000 0.400000
805.890137 0.000000 3320.627930 0.000000 0.870309 0.000000 -0.492506 0.400000 0.400000 0.400000
804.195251 0.000000 3279.753174 0.000000 0.049335 0.000000 0.998782 0.400000 0.400000 0.400000
814.479187 0.000000 3280.533936 0.000000 0.251551 0.000000 -0.967844 0.400000 0.400000 0.400000
770.251099 0.000000 3283.781494 0.000000 0.089385 0.000000 0.995997 0.400000 0.400000 0.400000
822.018860 0.000000 3278.984131 0.000000 0.993066 0.000000 -0.117558 0.400000 0.400000 0.400000
800.601318 0.000000 3269.248291 0.000000 0.157909 0.000000 -0.987454 0.400000 0.400000 0.400000
767.940308 0.000000 3302.004395 0.000000 0.683543 0.000000 -0.729910 0.400000 0.400000 0.400000
808.141052 0.000000 3275.238037 0.000000 0.570262 0.000000 0.821463 0.400000 0.400000 0.400000
780.512329 0.000000 3292.836914 0.000000 0.867127 0.000000 -0.498086 0.400000 0.400000 0.400000
798.983459 0.000000 3274.615479 0.000000 0.074638 0.000000 0.997211 0.400000 0.400000 0.400000
829.687500 0.000000 3279.669189 0.000000 0.965531 0.000000 -0.260289 0.400000 0.400000 0.400000
793.102356 0.000000 3323.287842 0.000000 0.729414 0.000000 -0.684073 0.400000 0.400000 0.400000
822.602234 0.000000 3274.467041 0.000000 0.832709 0.000000 -0.553711 0.400000 0.400000 0.400000
818.960388 0.000000 3281.932617 0.000000 0.967635 0.000000 -0.252356 0.400000 0.400000 0.400000
786.855347 0.000000 3293.045898 0.000000 0.770696 0.000000 -0.637203 0.400000 0.400000 0.400000
812.447205 0.000000 3325.968506 0.000000 0.728368 0.000000 0.685186 0.400000 0.400000 0.400000
826.009094 0.000000 3280.994629 0.000000 0.608171 0.000000 0.793806 0.400000 0.400000 0.400000
800.568726 0.000000 3278.606689 0.000000 0.373842 0.000000 0.927492 0.400000 0.400000 0.400000
796.616577 0.000000 3321.899902 0.000000 0.880891 0.000000 -0.473320 0.400000 0.400000 0.400000
824.413452 0.000000 3271.396484 0.000000 0.713220 0.000000 0.700940 0.400000 0.400000 0.400000
776.343750 0.000000 3303.128662 0.000000 0.646824 0.000000 -0.762639 0.400000 0.400000 0.400000
818.759277 0.000000 3327.178223 0.000000 0.015590 0.000000 0.999878 0.400000 0.400000 0.400000
806.780273 0.000000 3272.063477 0.000000 0.995869 0.000000 0.090806 0.400000 0.400000 0.400000
808.574890 0.000000 3268.492432 0.000000 0.466595 0.000000 -0.884471 0.400000 0.400000 0.400000
806.080261 0.000000 3265.717041 0.000000 0.528802 0.000000 -0.848745 0.400000 0.400000 0.400000
800.109680 0.000000 3326.952393 0.000000 0.853017 0.000000 0.521883 0.400000 0.400000 0.400000
815.614502 0.000000 3325.404297 0.000000 0.813234 0.000000 0.581937 0.400000 0.400000 0.400000
794.852173 0.000000 3312.704346 0.000000 0.696647 0.000000 0.717414 0.400000 0.400000 0.400000
802.886841 0.000000 3266.908936 0.000000 0.273508 0.000000 -0.961870 0.400000 0.400000 0.400000
775.159302 0.000000 3324.499756 0.000000 0.372871 0.000000 0.927883 0.400000 0.400000 0.400000
805.495728 0.000000 3276.935547 0.000000 0.672548 0.000000 0.740053 0.400000 0.400000 0.400000
803.104431 0.000000 3271.089355 0.000000 0.965996 0.000000 -0.258556 0.400000 0.400000 0.400000
798.766602 0.000000 3324.172852 0.000000 0.825903 0.000000 0.563813 0.400000 0.400000 0.400000
805.239929 0.000000 3324.632812 0.000000 0.807611 0.000000 -0.589716 0.400000 0.400000 0.400000
826.886414 0.000000 3273.756348 0.000000 0.812990 0.000000 -0.582278 0.400000 0.400000 0.400000
800.481873 0.000000 3265.008545 0.000000 0.205997 0.000000 -0.978553 0.400000 0.400000 0.400000
801.046082 0.000000 3321.609131 0.000000 0.591463 0.000000 0.806332 0.400000 0.400000 0.400000
783.877441 0.000000 3293.332764 0.000000 0.999600 0.000000 0.028286 0.400000 0.400000 0.400000
791.028198 0.000000 3320.278320 0.000000 0.956560 0.000000 -0.291535 0.400000 0.400000 0.400000
798.050598 0.000000 3267.857178 0.000000 0.136559 0.000000 0.990632 0.400000 0.400000 0.400000
799.407715 0.000000 3271.795166 0.000000 0.803758 0.000000 -0.594956 0.400000 0.400000 0.400000
796.181091 0.000000 3318.223389 0.000000 0.159545 0.000000 0.987191 0.400000 0.400000 0.400000
802.723877 0.000000 3277.200439 0.000000 0.016968 0.000000 -0.999856 0.400000 0.400000 0.400000
823.730774 0.000000 3276.895020 0.000000 0.064207 0.000000 -0.997937 0.400000 0.400000 0.400000
821.580139 0.000000 3281.612549 0.000000 0.967147 0.000000 -0.254219 0.400000 0.400000 0.400000
795.302673 0.000000 3263.323975 0.000000 0.391314 0.000000 -0.920257 0.400000 0.400000 0.400000
886.951660 0.000000 3263.955322 0.000000 0.920193 0.000000 -0.391466 0.400000 0.400000 0.400000
848.964905 0.000000 3280.620605 0.000000 0.504945 0.000000 0.863152 0.400000 0.400000 0.400000
874.883667 0.000000 3271.149658 0.000000 0.797134 0.000000 -0.603803 0.400000 0.400000 0.400000
890.309204 0.000000 3276.728516 0.000000 0.660297 0.000000 -0.751004 0.400000 0.400000 0.400000
832.270996 0.000000 3266.496338 0.000000 0.716724 0.000000 0.697357 0.400000 0.400000 0.400000
867.394226 0.000000 3263.765625 0.000000 0.407011 0.000000 0.913423 0.400000 0.400000 0.400000
841.573730 0.000000 3273.448486 0.000000 0.222800 0.000000 -0.974864 0.400000 0.400000 0.400000
851.537292 0.000000 3272.226807 0.000000 0.117118 0.000000 0.993118 0.400000 0.400000 0.400000
881.657227 0.000000 3276.684814 0.000000 0.496550 0.000000 -0.868008 0.400000 0.400000 0.400000
860.670959 0.000000 3278.513916 0.000000 0.461710 0.000000 -0.887031 0.400000 0.400000 0.400000
879.448425 0.000000 3264.631348 0.000000 0.463541 0.000000 -0.886075 0.400000 0.400000 0.400000
891.562805 0.000000 3269.580566 0.000000 0.534536 0.000000 -0.845146 0.400000 0.400000 0.400000
884.782654 0.000000 3270.506348 0.000000 0.847238 0.000000 0.531213 0.400000 0.400000 0.400000
854.626038 0.000000 3277.522949 0.000000 0.877281 0.000000 0.479977 0.400000 0.400000 0.400000
861.402954 0.000000 3264.926758 0.000000 0.242877 0.000000 0.970057 0.400000 0.400000 0.400000
848.491272 0.000000 3266.957764 0.000000 0.228460 0.000000 0.973553 0.400000 0.400000 0.400000
873.333374 0.000000 3265.274414 0.000000 0.994301 0.000000 -0.106605 0.400000 0.400000 0.400000
893.545837 0.000000 3264.009766 0.000000 0.588707 0.000000 0.808347 0.400000 0.400000 0.400000
843.756287 0.000000 3278.631836 0.000000 0.844408 0.000000 0.535701 0.400000 0.400000 0.400000
855.379883 0.000000 3268.506104 0.000000 0.322574 0.000000 -0.946544 0.400000 0.400000 0.400000
846.637878 0.000000 3274.368164 0.000000 0.816616 0.000000 -0.577181 0.400000 0.400000 0.400000
838.722961 0.000000 3278.106689 0.000000 0.590165 0.000000 0.807283 0.400000 0.400000 0.400000
879.751526 0.000000 3272.077393 0.000000 0.886266 0.000000 0.463176 0.400000 0.400000 0.400000
876.532043 0.000000 3275.861572 0.000000 0.323414 0.000000 0.946258 0.400000 0.400000 0.400000
886.011047 0.000000 3278.984131 0.000000 0.878556 0.000000 0.477640 0.400000 0.400000 0.400000
856.187744 0.000000 3273.126709 0.000000 0.982790 0.000000 0.184727 0.400000 0.400000 0.400000
886.594421 0.000000 3274.467041 0.000000 0.576171 0.000000 0.817330 0.400000 0.400000 0.400000
850.273132 0.000000 3276.511230 0.000000 0.977591 0.000000 0.210515 0.400000 0.400000 0.400000
836.067322 0.000000 3264.456787 0.000000 0.083762 0.000000 0.996486 0.400000 0.400000 0.400000
883.117920 0.000000 3266.652344 0.000000 0.555416 0.000000 -0.831572 0.400000 0.400000 0.400000
857.356628 0.000000 3264.865723 0.000000 0.660812 0.000000 -0.750551 0.400000 0.400000 0.400000
887.803345 0.000000 3267.757324 0.000000 0.229561 0.000000 -0.973294 0.400000 0.400000 0.400000
849.428162 0.000000 3263.208984 0.000000 0.186529 0.000000 -0.982450 0.400000 0.400000 0.400000
859.227173 0.000000 3275.095703 0.000000 0.698197 0.000000 -0.715905 0.400000 0.400000 0.400000
888.405640 0.000000 3271.396484 0.000000 0.418756 0.000000 0.908099 0.400000 0.400000 0.400000
852.262146 0.000000 3266.833740 0.000000 0.996537 0.000000 -0.083150 0.400000 0.400000 0.400000
890.275879 0.000000 3265.171387 0.000000 0.985230 0.000000 0.171237 0.400000 0.400000 0.400000
882.907227 0.000000 3273.375000 0.000000 0.212866 0.000000 0.977081 0.400000 0.400000 0.400000
876.214355 0.000000 3263.355957 0.000000 0.546073 0.000000 -0.837737 0.400000 0.400000 0.400000
858.924561 0.000000 3267.750244 0.000000 0.000539 0.000000 -1.000000 0.400000 0.400000 0.400000
847.054260 0.000000 3277.832520 0.000000 0.081312 0.000000 0.996689 0.400000 0.400000 0.400000
870.072449 0.000000 3265.717041 0.000000 0.422444 0.000000 -0.906389 0.400000 0.400000 0.400000
880.955261 0.000000 3268.955078 0.000000 0.648542 0.000000 -0.761179 0.400000 0.400000 0.400000
832.430237 0.000000 3263.353027 0.000000 0.544295 0.000000 -0.838894 0.400000 0.400000 0.400000
883.839111 0.000000 3263.639893 0.000000 0.956790 0.000000 -0.290779 0.400000 0.400000 0.400000
890.878601 0.000000 3273.756348 0.000000 0.809555 0.000000 -0.587044 0.400000 0.400000 0.400000
843.777527 0.000000 3275.487549 0.000000 0.759726 0.000000 0.650243 0.400000 0.400000 0.400000
845.816528 0.000000 3280.787842 0.000000 0.677591 0.000000 0.735439 0.400000 0.400000 0.400000
853.276001 0.000000 3274.828857 0.000000 0.611402 0.000000 -0.791320 0.400000 0.400000 0.400000
857.702332 0.000000 3277.736816 0.000000 0.971838 0.000000 0.235652 0.400000 0.400000 0.400000
841.039490 0.000000 3276.295166 0.000000 0.333793 0.000000 -0.942646 0.400000 0.400000 0.400000
884.503174 0.000000 3276.482666 0.000000 0.975540 0.000000 -0.219824 0.400000 0.400000 0.400000
879.368530 0.000000 3274.978027 0.000000 0.951058 0.000000 -0.309013 0.400000 0.400000 0.400000
881.504700 0.000000 3279.500732 0.000000 0.476098 0.000000 -0.879392 0.400000 0.400000 0.400000
857.493958 0.000000 3270.517090 0.000000 0.939679 0.000000 0.342059 0.400000 0.400000 0.400000
854.226685 0.000000 3271.126953 0.000000 0.311929 0.000000 -0.950106 0.400000 0.400000 0.400000
876.137756 0.000000 3278.738281 0.000000 0.959354 0.000000 -0.282205 0.400000 0.400000 0.400000
878.987610 0.000000 3277.837891 0.000000 0.657168 0.000000 -0.753744 0.400000 0.400000 0.400000
871.328552 0.000000 3263.257080 0.000000 0.157282 0.000000 0.987554 0.400000 0.400000 0.400000
849.230164 0.000000 3273.492676 0.000000 0.479199 0.000000 0.877706 0.400000 0.400000 0.400000
851.096619 0.000000 3278.956299 0.000000 0.910406 0.000000 -0.413716 0.400000 0.400000 0.400000
887.722961 0.000000 3276.895020 0.000000 0.578206 0.000000 -0.815890 0.400000 0.400000 0.400000
885.620544 0.000000 3266.246094 0.000000 0.500861 0.000000 0.865528 0.400000 0.400000 0.400000
856.349304 0.000000 3275.673096 0.000000 0.988654 0.000000 0.150211 0.400000 0.400000 0.400000
896.263184 0.000000 3266.496338 0.000000 0.997088 0.000000 -0.076265 0.400000 0.400000 0.400000
661.496277 0.000000 3327.541504 0.000000 0.997220 0.000000 -0.074518 0.400000 0.400000 0.400000
668.694397 0.000000 3342.498291 0.000000 0.996194 0.000000 -0.087159 0.400000 0.400000 0.400000
752.192200 0.000000 3349.130859 0.000000 0.545691 0.000000 -0.837986 0.400000 0.400000 0.400000
732.281067 0.000000 3334.852295 0.000000 0.738486 0.000000 -0.674269 0.400000 0.400000 0.400000
758.967285 0.000000 3327.939697 0.000000 0.531397 0.000000 0.847123 0.400000 0.400000 0.400000
746.899292 0.000000 3335.134033 0.000000 0.266707 0.000000 -0.963778 0.400000 0.400000 0.400000
737.703247 0.000000 3348.099365 0.000000 0.522864 0.000000 0.852416 0.400000 0.400000 0.400000
762.324829 0.000000 3340.712891 0.000000 0.850620 0.000000 -0.525781 0.400000 0.400000 0.400000
739.409851 0.000000 3327.750000 0.000000 0.453490 0.000000 -0.891261 0.400000 0.400000 0.400000
725.488464 0.000000 3327.541504 0.000000 0.862875 0.000000 0.505418 0.400000 0.400000 0.400000
745.455688 0.000000 3343.599609 0.000000 0.894911 0.000000 -0.446245 0.400000 0.400000 0.400000
739.436768 0.000000 3338.332275 0.000000 0.360056 0.000000 -0.932931 0.400000 0.400000 0.400000
743.841858 0.000000 3352.771240 0.000000 0.831600 0.000000 0.555375 0.400000 0.400000 0.400000
759.285767 0.000000 3347.713867 0.000000 0.116316 0.000000 0.993212 0.400000 0.400000 0.400000
763.578430 0.000000 3333.564941 0.000000 0.943661 0.000000 0.330915 0.400000 0.400000 0.400000
733.418579 0.000000 3328.911133 0.000000 0.582390 0.000000 0.812910 0.400000 0.400000 0.400000
765.343811 0.000000 3348.011230 0.000000 0.748657 0.000000 -0.662957 0.400000 0.400000 0.400000
745.348999 0.000000 3329.258789 0.000000 0.835023 0.000000 0.550215 0.400000 0.400000 0.400000
765.561462 0.000000 3327.994141 0.000000 0.527884 0.000000 0.849317 0.400000 0.400000 0.400000
741.341125 0.000000 3332.931641 0.000000 0.729360 0.000000 0.684130 0.400000 0.400000 0.400000
747.121399 0.000000 3348.967285 0.000000 0.899009 0.000000 -0.437930 0.400000 0.400000 0.400000
740.203064 0.000000 3343.737549 0.000000 0.956829 0.000000 -0.290651 0.400000 0.400000 0.400000
750.487000 0.000000 3344.518311 0.000000 0.979325 0.000000 0.202292 0.400000 0.400000 0.400000
758.026672 0.000000 3342.968506 0.000000 0.960403 0.000000 0.278614 0.400000 0.400000 0.400000
736.609131 0.000000 3333.232666 0.000000 0.170353 0.000000 0.985383 0.400000 0.400000 0.400000
742.400513 0.000000 3347.861084 0.000000 0.210437 0.000000 -0.977607 0.400000 0.400000 0.400000
765.928406 0.000000 3337.455322 0.000000 0.909310 0.000000 0.416120 0.400000 0.400000 0.400000
744.148865 0.000000 3339.222412 0.000000 0.788693 0.000000 -0.614787 0.400000 0.400000 0.400000
734.991272 0.000000 3338.599854 0.000000 0.316020 0.000000 -0.948752 0.400000 0.400000 0.400000
765.695312 0.000000 3343.653564 0.000000 0.638310 0.000000 -0.769780 0.400000 0.400000 0.400000
754.968201 0.000000 3345.916992 0.000000 0.460206 0.000000 -0.887812 0.400000 0.400000 0.400000
755.133545 0.000000 3330.636719 0.000000 0.002681 0.000000 -0.999996 0.400000 0.400000 0.400000
749.437744 0.000000 3332.113525 0.000000 0.013838 0.000000 0.999904 0.400000 0.400000 0.400000
762.016907 0.000000 3344.979004 0.000000 0.168196 0.000000 -0.985754 0.400000 0.400000 0.400000
759.818970 0.000000 3331.741699 0.000000 0.993735 0.000000 0.111765 0.400000 0.400000 0.400000
736.576538 0.000000 3342.591064 0.000000 0.997092 0.000000 0.076214 0.400000 0.400000 0.400000
767.099976 0.000000 3334.090332 0.000000 0.715992 0.000000 -0.698108 0.400000 0.400000 0.400000
762.291504 0.000000 3329.155762 0.000000 0.671254 0.000000 -0.741228 0.400000 0.400000 0.400000
742.788086 0.000000 3336.047852 0.000000 0.647404 0.000000 0.762147 0.400000 0.400000 0.400000
744.582703 0.000000 3332.476807 0.000000 0.890386 0.000000 0.455206 0.400000 0.400000 0.400000
742.088074 0.000000 3329.701416 0.000000 0.686563 0.000000 -0.727070 0.400000 0.400000 0.400000
738.894653 0.000000 3330.893311 0.000000 0.573618 0.000000 -0.819123 0.400000 0.400000 0.400000
756.127197 0.000000 3348.916748 0.000000 0.352103 0.000000 0.935961 0.400000 0.400000 0.400000
747.623413 0.000000 3345.864502 0.000000 0.585738 0.000000 -0.810501 0.400000 0.400000 0.400000
741.503540 0.000000 3340.919922 0.000000 0.943944 0.000000 0.330104 0.400000 0.400000 0.400000
739.112244 0.000000 3335.073730 0.000000 0.977465 0.000000 -0.211100 0.400000 0.400000 0.400000
765.793213 0.000000 3331.344482 0.000000 0.596682 0.000000 -0.802478 0.400000 0.400000 0.400000
736.489685 0.000000 3328.992920 0.000000 0.987219 0.000000 -0.159371 0.400000 0.400000 0.400000
734.058411 0.000000 3331.841553 0.000000 0.969614 0.000000 0.244640 0.400000 0.400000 0.400000
735.415527 0.000000 3335.779541 0.000000 0.996686 0.000000 0.081345 0.400000 0.400000 0.400000
753.520325 0.000000 3343.485107 0.000000 0.999529 0.000000 0.030686 0.400000 0.400000 0.400000
767.893494 0.000000 3349.056885 0.000000 0.787932 0.000000 0.615763 0.400000 0.400000 0.400000
743.344177 0.000000 3327.241455 0.000000 0.993087 0.000000 0.117384 0.400000 0.400000 0.400000
752.301880 0.000000 3346.505127 0.000000 0.265669 0.000000 -0.964064 0.400000 0.400000 0.400000
762.777710 0.000000 3347.531738 0.000000 0.841162 0.000000 -0.540783 0.400000 0.400000 0.400000
757.587952 0.000000 3345.596924 0.000000 0.765277 0.000000 -0.643701 0.400000 0.400000 0.400000
757.636169 0.000000 3330.230469 0.000000 0.882599 0.000000 0.470127 0.400000 0.400000 0.400000
769.408386 0.000000 3343.043945 0.000000 0.949835 0.000000 -0.312750 0.400000 0.400000 0.400000
816.184387 0.000000 3349.130859 0.000000 0.683632 0.000000 0.729827 0.400000 0.400000 0.400000
796.273254 0.000000 3334.852295 0.000000 0.979581 0.000000 0.201048 0.400000 0.400000 0.400000
779.287842 0.000000 3327.974365 0.000000 0.139705 0.000000 0.990193 0.400000 0.400000 0.400000
784.972717 0.000000 3344.604980 0.000000 0.641416 0.000000 -0.767193 0.400000 0.400000 0.400000
810.891479 0.000000 3335.134033 0.000000 0.984130 0.000000 0.177450 0.400000 0.400000 0.400000
801.695435 0.000000 3348.099365 0.000000 0.061664 0.000000 0.998097 0.400000 0.400000 0.400000
826.317017 0.000000 3340.712891 0.000000 0.014049 0.000000 -0.999901 0.400000 0.400000 0.400000
827.175781 0.000000 3353.780518 0.000000 0.088275 0.000000 -0.996096 0.400000 0.400000 0.400000
768.278809 0.000000 3330.480713 0.000000 0.322410 0.000000 -0.946600 0.400000 0.400000 0.400000
803.402039 0.000000 3327.750000 0.000000 0.405447 0.000000 -0.914119 0.400000 0.400000 0.400000
777.581543 0.000000 3337.432861 0.000000 0.999936 0.000000 0.011288 0.400000 0.400000 0.400000
792.921509 0.000000 3349.519775 0.000000 0.342044 0.000000 -0.939684 0.400000 0.400000 0.400000
787.545105 0.000000 3336.211182 0.000000 0.852674 0.000000 0.522444 0.400000 0.400000 0.400000
817.665039 0.000000 3340.669189 0.000000 0.446155 0.000000 0.894956 0.400000 0.400000 0.400000
776.707703 0.000000 3347.515625 0.000000 0.519672 0.000000 0.854366 0.400000 0.400000 0.400000
796.678772 0.000000 3342.498291 0.000000 0.985486 0.000000 0.169758 0.400000 0.400000 0.400000
815.456238 0.000000 3328.615723 0.000000 0.805808 0.000000 -0.592177 0.400000 0.400000 0.400000
823.277954 0.000000 3347.713867 0.000000 0.038270 0.000000 -0.999267 0.400000 0.400000 0.400000
790.633850 0.000000 3341.507324 0.000000 0.673678 0.000000 0.739025 0.400000 0.400000 0.400000
797.410767 0.000000 3328.911133 0.000000 0.153333 0.000000 0.988175 0.400000 0.400000 0.400000
829.335999 0.000000 3348.011230 0.000000 0.986567 0.000000 0.163356 0.400000 0.400000 0.400000
784.499084 0.000000 3330.942139 0.000000 0.005417 0.000000 -0.999985 0.400000 0.400000 0.400000
809.341187 0.000000 3329.258789 0.000000 0.981378 0.000000 -0.192085 0.400000 0.400000 0.400000
779.764099 0.000000 3342.616211 0.000000 0.434504 0.000000 0.900670 0.400000 0.400000 0.400000
805.333313 0.000000 3332.931641 0.000000 0.537824 0.000000 -0.843057 0.400000 0.400000 0.400000
791.387695 0.000000 3332.490479 0.000000 0.379841 0.000000 0.925052 0.400000 0.400000 0.400000
820.357849 0.000000 3352.290039 0.000000 0.881530 0.000000 0.472128 0.400000 0.400000 0.400000
782.645691 0.000000 3338.352539 0.000000 0.838855 0.000000 0.544355 0.400000 0.400000 0.400000
774.730774 0.000000 3342.091064 0.000000 0.994301 0.000000 0.106611 0.400000 0.400000 0.400000
787.782104 0.000000 3348.666260 0.000000 0.083140 0.000000 -0.996538 0.400000 0.400000 0.400000
815.759338 0.000000 3336.061768 0.000000 0.463664 0.000000 0.886011 0.400000 0.400000 0.400000
814.479187 0.000000 3344.518311 0.000000 0.928354 0.000000 0.371696 0.400000 0.400000 0.400000
812.539856 0.000000 3339.845947 0.000000 0.980656 0.000000 -0.195738 0.400000 0.400000 0.400000
781.504395 0.000000 3347.970947 0.000000 0.903780 0.000000 0.427998 0.400000 0.400000 0.400000
780.009521 0.000000 3332.793701 0.000000 0.985803 0.000000 -0.167905 0.400000 0.400000 0.400000
770.251099 0.000000 3347.765869 0.000000 0.376871 0.000000 -0.926266 0.400000 0.400000 0.400000
822.018860 0.000000 3342.968506 0.000000 0.024121 0.000000 0.999709 0.400000 0.400000 0.400000
800.601318 0.000000 3333.232666 0.000000 0.647781 0.000000 0.761827 0.400000 0.400000 0.400000
792.195557 0.000000 3337.111084 0.000000 0.055878 0.000000 0.998438 0.400000 0.400000 0.400000
829.920593 0.000000 3337.455322 0.000000 0.724665 0.000000 -0.689101 0.400000 0.400000 0.400000
798.983459 0.000000 3338.599854 0.000000 0.999563 0.000000 0.029577 0.400000 0.400000 0.400000
793.191589 0.000000 3345.139893 0.000000 0.948103 0.000000 0.317964 0.400000 0.400000 0.400000
829.687500 0.000000 3343.653564 0.000000 0.963252 0.000000 0.268598 0.400000 0.400000 0.400000
822.602234 0.000000 3338.451416 0.000000 0.460593 0.000000 -0.887611 0.400000 0.400000 0.400000
786.280945 0.000000 3340.495605 0.000000 0.924902 0.000000 0.380206 0.400000 0.400000 0.400000
818.960388 0.000000 3345.916992 0.000000 0.679113 0.000000 -0.734034 0.400000 0.400000 0.400000
797.531982 0.000000 3346.601562 0.000000 0.681481 0.000000 -0.731836 0.400000 0.400000 0.400000
772.075134 0.000000 3328.441162 0.000000 0.988336 0.000000 0.152286 0.400000 0.400000 0.400000
819.125732 0.000000 3330.636719 0.000000 0.634822 0.000000 -0.772659 0.400000 0.400000 0.400000
793.364441 0.000000 3328.850098 0.000000 0.716090 0.000000 0.698008 0.400000 0.400000 0.400000
826.009094 0.000000 3344.979004 0.000000 0.483349 0.000000 0.875428 0.400000 0.400000 0.400000
800.568726 0.000000 3342.591064 0.000000 0.527396 0.000000 0.849619 0.400000 0.400000 0.400000
783.948242 0.000000 3334.743408 0.000000 0.778551 0.000000 0.627582 0.400000 0.400000 0.400000
826.263916 0.000000 3350.128174 0.000000 0.753953 0.000000 0.656928 0.400000 0.400000 0.400000
788.686523 0.000000 3345.031006 0.000000 0.358412 0.000000 0.933563 0.400000 0.400000 0.400000
773.394653 0.000000 3345.509766 0.000000 0.464072 0.000000 -0.885797 0.400000 0.400000 0.400000
830.565369 0.000000 3351.503174 0.000000 0.373168 0.000000 -0.927764 0.400000 0.400000 0.400000
831.092163 0.000000 3334.090332 0.000000 0.438161 0.000000 -0.898896 0.400000 0.400000 0.400000
795.234985 0.000000 3339.080078 0.000000 0.871670 0.000000 -0.490093 0.400000 0.400000 0.400000
788.269958 0.000000 3330.818115 0.000000 0.857213 0.000000 0.514962 0.400000 0.400000 0.400000
767.930908 0.000000 3333.871338 0.000000 0.992880 0.000000 -0.119120 0.400000 0.400000 0.400000
812.222168 0.000000 3327.340332 0.000000 0.760407 0.000000 -0.649447 0.400000 0.400000 0.400000
794.932373 0.000000 3331.734619 0.000000 0.983163 0.000000 0.182729 0.400000 0.400000 0.400000
808.574890 0.000000 3332.476807 0.000000 0.061360 0.000000 -0.998116 0.400000 0.400000 0.400000
783.062073 0.000000 3341.816895 0.000000 0.993152 0.000000 -0.116829 0.400000 0.400000 0.400000
771.251587 0.000000 3340.250244 0.000000 0.528336 0.000000 -0.849035 0.400000 0.400000 0.400000
820.119385 0.000000 3348.916748 0.000000 0.964497 0.000000 -0.264093 0.400000 0.400000 0.400000
777.053467 0.000000 3344.385498 0.000000 0.083712 0.000000 0.996490 0.400000 0.400000 0.400000
816.446533 0.000000 3352.343994 0.000000 0.674394 0.000000 -0.738372 0.400000 0.400000 0.400000
782.313660 0.000000 3328.755615 0.000000 0.568161 0.000000 0.822917 0.400000 0.400000 0.400000
803.104431 0.000000 3335.073730 0.000000 0.611861 0.000000 0.790965 0.400000 0.400000 0.400000
780.392090 0.000000 3336.054932 0.000000 0.101758 0.000000 0.994809 0.400000 0.400000 0.400000
830.763000 0.000000 3340.578369 0.000000 0.959165 0.000000 -0.282848 0.400000 0.400000 0.400000
819.846924 0.000000 3327.624268 0.000000 0.215527 0.000000 -0.976498 0.400000 0.400000 0.400000
826.886414 0.000000 3337.740723 0.000000 0.857191 0.000000 -0.514999 0.400000 0.400000 0.400000
800.481873 0.000000 3328.992920 0.000000 0.322634 0.000000 -0.946524 0.400000 0.400000 0.400000
790.894104 0.000000 3347.225098 0.000000 0.607659 0.000000 0.794198 0.400000 0.400000 0.400000
767.977661 0.000000 3345.764893 0.000000 0.692200 0.000000 0.721706 0.400000 0.400000 0.400000
781.824341 0.000000 3344.772217 0.000000 0.325148 0.000000 0.945663 0.400000 0.400000 0.400000
786.646729 0.000000 3333.230469 0.000000 0.510848 0.000000 0.859671 0.400000 0.400000 0.400000
777.568054 0.000000 3331.167969 0.000000 0.999893 0.000000 -0.014599 0.400000 0.400000 0.400000
793.710144 0.000000 3341.721191 0.000000 0.124624 0.000000 0.992204 0.400000 0.400000 0.400000
798.050598 0.000000 3331.841553 0.000000 0.751936 0.000000 0.659236 0.400000 0.400000 0.400000
820.510986 0.000000 3340.467041 0.000000 0.465946 0.000000 0.884813 0.400000 0.400000 0.400000
815.376343 0.000000 3338.962402 0.000000 0.804208 0.000000 0.594347 0.400000 0.400000 0.400000
799.407715 0.000000 3335.779541 0.000000 0.311743 0.000000 0.950166 0.400000 0.400000 0.400000
817.512512 0.000000 3343.485107 0.000000 0.952554 0.000000 -0.304371 0.400000 0.400000 0.400000
813.752380 0.000000 3347.746094 0.000000 0.233965 0.000000 -0.972245 0.400000 0.400000 0.400000
784.947815 0.000000 3347.424805 0.000000 0.648162 0.000000 -0.761502 0.400000 0.400000 0.400000
793.501770 0.000000 3334.501465 0.000000 0.726846 0.000000 -0.686801 0.400000 0.400000 0.400000
779.302795 0.000000 3345.982910 0.000000 0.960307 0.000000 0.278945 0.400000 0.400000 0.400000
790.234497 0.000000 3335.111328 0.000000 0.924988 0.000000 -0.379997 0.400000 0.400000 0.400000
795.636780 0.000000 3348.606689 0.000000 0.888133 0.000000 0.459587 0.400000 0.400000 0.400000
772.139648 0.000000 3343.081543 0.000000 0.805486 0.000000 0.592614 0.400000 0.400000 0.400000
812.145569 0.000000 3342.722656 0.000000 0.452508 0.000000 0.891760 0.400000 0.400000 0.400000
831.885681 0.000000 3349.056885 0.000000 0.002313 0.000000 -0.999997 0.400000 0.400000 0.400000
814.995422 0.000000 3341.822266 0.000000 0.443673 0.000000 -0.896189 0.400000 0.400000 0.400000
785.237976 0.000000 3337.477051 0.000000 0.994484 0.000000 -0.104884 0.400000 0.400000 0.400000
816.294067 0.000000 3346.505127 0.000000 0.308674 0.000000 -0.951168 0.400000 0.400000 0.400000
787.104431 0.000000 3342.940674 0.000000 0.903698 0.000000 -0.428169 0.400000 0.400000 0.400000
813.264282 0.000000 3350.457520 0.000000 0.499549 0.000000 -0.866286 0.400000 0.400000 0.400000
811.848877 0.000000 3329.897705 0.000000 0.304422 0.000000 0.952537 0.400000 0.400000 0.400000
790.966797 0.000000 3329.902588 0.000000 0.921428 0.000000 0.388550 0.400000 0.400000 0.400000
823.730774 0.000000 3340.879395 0.000000 0.969341 0.000000 -0.245720 0.400000 0.400000 0.400000
798.629272 0.000000 3344.333008 0.000000 0.712237 0.000000 -0.701939 0.400000 0.400000 0.400000
782.454102 0.000000 3332.448975 0.000000 0.583815 0.000000 0.811887 0.400000 0.400000 0.400000
818.368530 0.000000 3350.737305 0.000000 0.999963 0.000000 0.008606 0.400000 0.400000 0.400000
770.678955 0.000000 3345.325195 0.000000 0.940855 0.000000 0.338809 0.400000 0.400000 0.400000
792.357117 0.000000 3339.657471 0.000000 0.912957 0.000000 0.408056 0.400000 0.400000 0.400000
796.874207 0.000000 3337.291016 0.000000 0.884390 0.000000 0.466749 0.400000 0.400000 0.400000
795.302673 0.000000 3327.308350 0.000000 0.310656 0.000000 0.950522 0.400000 0.400000 0.400000
833.400574 0.000000 3343.043945 0.000000 0.854926 0.000000 -0.518751 0.400000 0.400000 0.400000
832.129028 0.000000 3352.066162 0.000000 0.639781 0.000000 -0.768557 0.400000 0.400000 0.400000
840.699890 0.000000 3347.515625 0.000000 0.662505 0.000000 0.749058 0.400000 0.400000 0.400000
834.215942 0.000000 3336.649414 0.000000 0.382661 0.000000 -0.923889 0.400000 0.400000 0.400000
837.259521 0.000000 3351.513916 0.000000 0.149283 0.000000 -0.988795 0.400000 0.400000 0.400000
843.070190 0.000000 3352.258545 0.000000 0.939984 0.000000 -0.341217 0.400000 0.400000 0.400000
838.722961 0.000000 3342.091064 0.000000 0.471154 0.000000 0.882051 0.400000 0.400000 0.400000
834.243286 0.000000 3347.765869 0.000000 0.366383 0.000000 0.930464 0.400000 0.400000 0.400000
837.886414 0.000000 3338.359619 0.000000 0.977255 0.000000 0.212070 0.400000 0.400000 0.400000
837.386841 0.000000 3345.509766 0.000000 0.616524 0.000000 -0.787336 0.400000 0.400000 0.400000
832.019287 0.000000 3339.675049 0.000000 0.947976 0.000000 -0.318342 0.400000 0.400000 0.400000
831.923096 0.000000 3333.871338 0.000000 0.801932 0.000000 -0.597415 0.400000 0.400000 0.400000
835.243774 0.000000 3340.250244 0.000000 0.135105 0.000000 -0.990831 0.400000 0.400000 0.400000
834.862976 0.000000 3353.605469 0.000000 0.757250 0.000000 0.653125 0.400000 0.400000 0.400000
839.900635 0.000000 3353.309326 0.000000 0.649226 0.000000 -0.760595 0.400000 0.400000 0.400000
831.969849 0.000000 3345.764893 0.000000 0.604105 0.000000 0.796905 0.400000 0.400000 0.400000
837.953918 0.000000 3348.627930 0.000000 0.087261 0.000000 -0.996185 0.400000 0.400000 0.400000
840.505981 0.000000 3350.495850 0.000000 0.995521 0.000000 0.094541 0.400000 0.400000 0.400000
834.507507 0.000000 3350.488281 0.000000 0.996166 0.000000 -0.087479 0.400000 0.400000 0.400000
305.727478 0.000000 3788.559814 0.000000 0.744654 0.000000 -0.667451 0.400000 0.400000 0.400000
311.340424 0.000000 3795.604492 0.000000 0.703335 0.000000 0.710859 0.400000 0.400000 0.400000
366.098633 0.000000 3805.364502 0.000000 0.639098 0.000000 0.769125 0.400000 0.400000 0.400000
350.894653 0.000000 3803.337402 0.000000 0.041899 0.000000 0.999122 0.400000 0.400000 0.400000
373.480347 0.000000 3805.301025 0.000000 0.803713 0.000000 0.595017 0.400000 0.400000 0.400000
372.412506 0.000000 3800.180664 0.000000 0.948293 0.000000 0.317396 0.400000 0.400000 0.400000
392.120056 0.000000 3804.402588 0.000000 0.859361 0.000000 -0.511369 0.400000 0.400000 0.400000
429.596436 0.000000 3827.533447 0.000000 0.627181 0.000000 -0.778873 0.400000 0.400000 0.400000
456.506470 0.000000 3824.946289 0.000000 0.975939 0.000000 0.218046 0.400000 0.400000 0.400000
452.856720 0.000000 3828.499023 0.000000 0.981025 0.000000 -0.193880 0.400000 0.400000 0.400000
234.961716 0.000000 3847.009033 0.000000 0.820807 0.000000 -0.571205 0.400000 0.400000 0.400000
237.865753 0.000000 3882.363037 0.000000 0.140717 0.000000 0.990050 0.400000 0.400000 0.400000
239.526520 0.000000 3840.490723 0.000000 0.993069 0.000000 0.117531 0.400000 0.400000 0.400000
229.403595 0.000000 3844.806641 0.000000 0.118974 0.000000 -0.992897 0.400000 0.400000 0.400000
297.510315 0.000000 3855.474609 0.000000 0.106429 0.000000 0.994320 0.400000 0.400000 0.400000
307.022827 0.000000 3857.791992 0.000000 0.542794 0.000000 -0.839866 0.400000 0.400000 0.400000
380.511963 0.000000 3899.783203 0.000000 0.431874 0.000000 -0.901934 0.400000 0.400000 0.400000
375.615143 0.000000 3896.812988 0.000000 0.719077 0.000000 -0.694930 0.400000 0.400000 0.400000
304.246857 0.000000 3924.990234 0.000000 0.153451 0.000000 -0.988156 0.400000 0.400000 0.400000
311.340424 0.000000 3923.573242 0.000000 0.674515 0.000000 -0.738261 0.400000 0.400000 0.400000
348.327942 0.000000 3910.711670 0.000000 0.588312 0.000000 0.808634 0.400000 0.400000 0.400000
328.127869 0.000000 3932.371338 0.000000 0.399567 0.000000 -0.916704 0.400000 0.400000 0.400000
328.522095 0.000000 3952.915039 0.000000 0.751227 0.000000 0.660044 0.400000 0.400000 0.400000
328.217834 0.000000 3946.539307 0.000000 0.908800 0.000000 -0.417232 0.400000 0.400000 0.400000
325.213684 0.000000 3941.079102 0.000000 0.992515 0.000000 0.122126 0.400000 0.400000 0.400000
381.608307 0.000000 3903.853516 0.000000 0.999362 0.000000 0.035716 0.400000 0.400000 0.400000
404.919098 0.000000 3898.108887 0.000000 0.940028 0.000000 0.341096 0.400000 0.400000 0.400000
440.593323 0.000000 3891.416748 0.000000 0.939372 0.000000 0.342899 0.400000 0.400000 0.400000
389.514679 0.000000 3897.618408 0.000000 0.150609 0.000000 -0.988593 0.400000 0.400000 0.400000
444.504150 0.000000 3899.783203 0.000000 0.273307 0.000000 -0.961927 0.400000 0.400000 0.400000
397.380768 0.000000 3895.510498 0.000000 0.131690 0.000000 -0.991291 0.400000 0.400000 0.400000
409.657623 0.000000 3894.854248 0.000000 0.274559 0.000000 -0.961570 0.400000 0.400000 0.400000
439.607330 0.000000 3896.812988 0.000000 0.165717 0.000000 -0.986173 0.400000 0.400000 0.400000
469.519714 0.000000 3839.416504 0.000000 0.993969 0.000000 0.109658 0.400000 0.400000 0.400000
456.506470 0.000000 3888.930664 0.000000 0.827339 0.000000 0.561703 0.400000 0.400000 0.400000
461.372955 0.000000 3895.510498 0.000000 0.823623 0.000000 0.567138 0.400000 0.400000 0.400000
476.717804 0.000000 3854.373291 0.000000 0.864176 0.000000 -0.503189 0.400000 0.400000 0.400000
478.644104 0.000000 3887.729736 0.000000 0.978793 0.000000 -0.204851 0.400000 0.400000 0.400000
464.317993 0.000000 3901.203857 0.000000 0.938876 0.000000 -0.344255 0.400000 0.400000 0.400000
439.006287 0.000000 3903.799072 0.000000 0.417873 0.000000 -0.908505 0.400000 0.400000 0.400000
395.334717 0.000000 3903.833740 0.000000 0.998650 0.000000 -0.051943 0.400000 0.400000 0.400000
426.938293 0.000000 3910.993408 0.000000 0.211507 0.000000 -0.977376 0.400000 0.400000 0.400000
419.448914 0.000000 3903.609375 0.000000 0.341693 0.000000 -0.939812 0.400000 0.400000 0.400000
476.312317 0.000000 3910.711670 0.000000 0.728599 0.000000 -0.684941 0.400000 0.400000 0.400000
459.326904 0.000000 3903.833740 0.000000 0.609552 0.000000 -0.792746 0.400000 0.400000 0.400000
2640.120850 0.000000 2604.733154 0.000000 0.540952 0.000000 -0.841054 0.400000 0.400000 0.400000
"}
