object={
	name="tree_leaf_high_generator_3_0"
	render_pass=Map
	clamp_to_water_level=no
	generated_content=yes
	layer="tree_high_layer"
	pdxmesh="tree_leaf_01_c_mesh"
	count=497
	transform="3320.241943 0.000000 500.244781 0.000000 0.801761 0.000000 0.597645 0.793859 0.793859 0.793859
3315.298584 0.000000 484.725006 0.000000 0.429744 0.000000 -0.902951 0.802700 0.802700 0.802700
3324.059326 0.000000 491.700073 0.000000 0.170507 0.000000 -0.985357 1.013821 1.013821 1.013821
3324.871826 0.000000 484.042511 0.000000 0.826579 0.000000 -0.562820 0.891336 0.891336 0.891336
3317.121094 0.000000 478.113556 0.000000 0.096381 0.000000 0.995344 0.707250 0.707250 0.707250
3325.769043 0.000000 498.976837 0.000000 0.994351 0.000000 0.106138 0.783753 0.783753 0.783753
3320.295898 0.000000 487.486877 0.000000 0.362616 0.000000 0.931939 0.616696 0.616696 0.616696
3326.960449 0.000000 503.960449 0.000000 0.177936 0.000000 -0.984042 0.909253 0.909253 0.909253
3321.271240 0.000000 495.585541 0.000000 0.488734 0.000000 0.872433 0.729491 0.729491 0.729491
3319.379395 0.000000 483.182007 0.000000 0.929519 0.000000 0.368774 0.767865 0.767865 0.767865
3319.889893 0.000000 491.648712 0.000000 0.012020 0.000000 0.999928 0.699131 0.699131 0.699131
3316.518066 0.000000 481.703644 0.000000 0.432969 0.000000 0.901409 0.709834 0.709834 0.709834
3317.236328 0.000000 487.143250 0.000000 0.298615 0.000000 0.954374 0.707343 0.707343 0.707343
3322.749023 0.000000 498.616913 0.000000 0.299106 0.000000 0.954220 0.728638 0.728638 0.728638
3324.480225 0.000000 501.352692 0.000000 0.943412 0.000000 0.331622 0.777519 0.777519 0.777519
3318.192383 0.000000 489.650513 0.000000 0.837855 0.000000 -0.545893 0.850515 0.850515 0.850515
3348.560059 0.000000 506.936890 0.000000 0.520851 0.000000 0.853648 0.783451 0.783451 0.783451
3329.569824 0.000000 490.902008 0.000000 0.260294 0.000000 -0.965530 0.999767 0.999767 0.999767
3333.155518 0.000000 506.446655 0.000000 0.841544 0.000000 0.540189 0.729222 0.729222 0.729222
3344.034912 0.000000 493.248688 0.000000 0.893847 0.000000 -0.448371 0.871038 0.871038 0.871038
3373.237305 0.000000 500.345886 0.000000 0.593618 0.000000 0.804747 0.761334 0.761334 0.761334
3388.145020 0.000000 508.611328 0.000000 0.738096 0.000000 0.674696 0.753853 0.753853 0.753853
3338.966553 0.000000 485.698669 0.000000 0.931609 0.000000 0.363462 0.794205 0.794205 0.794205
3336.155029 0.000000 497.758850 0.000000 0.957757 0.000000 -0.287578 0.844568 0.844568 0.844568
3328.307861 0.000000 482.056274 0.000000 0.835680 0.000000 -0.549216 0.888835 0.888835 0.888835
3351.264893 0.000000 498.306183 0.000000 0.835907 0.000000 0.548872 0.771105 0.771105 0.771105
3328.094971 0.000000 499.007233 0.000000 0.997635 0.000000 -0.068731 0.810510 0.810510 0.810510
3341.021484 0.000000 504.338654 0.000000 0.513457 0.000000 -0.858115 0.893333 0.893333 0.893333
3358.292725 0.000000 496.557770 0.000000 0.314399 0.000000 -0.949291 0.850220 0.850220 0.850220
3366.545898 0.000000 500.279114 0.000000 0.000974 0.000000 1.000000 0.728515 0.728515 0.728515
3335.850830 0.000000 491.383087 0.000000 0.999776 0.000000 -0.021188 0.803237 0.803237 0.803237
3378.769531 0.000000 502.456116 0.000000 0.953227 0.000000 0.302254 0.789513 0.789513 0.789513
3345.675293 0.000000 500.334808 0.000000 0.281454 0.000000 -0.959575 0.907832 0.907832 0.907832
3332.846680 0.000000 485.922791 0.000000 0.052895 0.000000 0.998600 0.644481 0.644481 0.644481
3337.955811 0.000000 509.588501 0.000000 0.995706 0.000000 0.092568 0.785836 0.785836 0.785836
3343.966553 0.000000 510.032043 0.000000 0.579720 0.000000 0.814816 0.654482 0.654482 0.654482
3349.658691 0.000000 492.513367 0.000000 0.711259 0.000000 -0.702930 0.892478 0.892478 0.892478
3383.248047 0.000000 505.641113 0.000000 0.189173 0.000000 -0.981944 0.872789 0.872789 0.872789
3333.171631 0.000000 511.828308 0.000000 0.954381 0.000000 -0.298591 0.815988 0.815988 0.815988
3390.952637 0.000000 503.960449 0.000000 0.904243 0.000000 -0.427018 0.824849 0.824849 0.824849
3342.962402 0.000000 488.550537 0.000000 0.392063 0.000000 0.919939 0.664241 0.664241 0.664241
3328.894043 0.000000 504.436615 0.000000 0.909502 0.000000 0.415700 0.777138 0.777138 0.777138
3353.847168 0.000000 494.276031 0.000000 0.803437 0.000000 -0.595390 0.842034 0.842034 0.842034
3358.320312 0.000000 492.084656 0.000000 0.373112 0.000000 -0.927786 0.882601 0.882601 0.882601
3386.778320 0.000000 503.451843 0.000000 0.470803 0.000000 -0.882239 0.873163 0.873163 0.873163
3369.287109 0.000000 503.450745 0.000000 0.978650 0.000000 -0.205534 0.806450 0.806450 0.806450
3344.970459 0.000000 505.206818 0.000000 0.867507 0.000000 0.497425 0.776916 0.776916 0.776916
3346.346191 0.000000 490.249268 0.000000 0.590083 0.000000 0.807342 0.685148 0.685148 0.685148
3339.194336 0.000000 489.471466 0.000000 0.581659 0.000000 0.813432 0.678185 0.678185 0.678185
3340.102295 0.000000 500.780151 0.000000 0.988293 0.000000 0.152566 0.781003 0.781003 0.781003
3361.338867 0.000000 494.843658 0.000000 0.985518 0.000000 0.169569 0.788259 0.788259 0.788259
3336.031494 0.000000 487.816223 0.000000 0.611464 0.000000 0.791272 0.734910 0.734910 0.734910
3341.215088 0.000000 507.910583 0.000000 0.927589 0.000000 -0.373603 0.844278 0.844278 0.844278
3366.823975 0.000000 496.588531 0.000000 0.988418 0.000000 -0.151753 0.810497 0.810497 0.810497
3331.079102 0.000000 509.192230 0.000000 0.429436 0.000000 0.903097 0.752734 0.752734 0.752734
3369.951172 0.000000 499.415283 0.000000 0.140526 0.000000 0.990077 0.709190 0.709190 0.709190
3354.539795 0.000000 497.391876 0.000000 0.417293 0.000000 0.908772 0.752855 0.752855 0.752855
3343.052734 0.000000 502.009247 0.000000 0.366556 0.000000 0.930396 0.714760 0.714760 0.714760
3347.066895 0.000000 509.736267 0.000000 0.982201 0.000000 0.187835 0.789131 0.789131 0.789131
3348.382568 0.000000 499.058685 0.000000 0.706939 0.000000 -0.707275 0.856958 0.856958 0.856958
3350.676270 0.000000 495.364227 0.000000 0.838568 0.000000 0.544797 0.747873 0.747873 0.747873
3386.148438 0.000000 506.318726 0.000000 0.551545 0.000000 0.834145 0.729655 0.729655 0.729655
3388.816895 0.000000 505.679749 0.000000 0.560400 0.000000 -0.828222 0.872509 0.872509 0.872509
3397.147705 0.000000 506.446655 0.000000 0.657277 0.000000 0.753649 0.772382 0.772382 0.772382
3391.688232 0.000000 508.962219 0.000000 0.785326 0.000000 0.619082 0.760001 0.760001 0.760001
3401.947998 0.000000 509.588501 0.000000 0.994484 0.000000 -0.104891 0.803841 0.803841 0.803841
3407.958740 0.000000 510.032043 0.000000 0.592157 0.000000 -0.805823 0.872990 0.872990 0.872990
3397.163818 0.000000 511.828308 0.000000 0.103275 0.000000 -0.994653 0.843080 0.843080 0.843080
3392.886230 0.000000 504.436615 0.000000 0.720821 0.000000 0.693122 0.760080 0.760080 0.760080
3395.071289 0.000000 509.192230 0.000000 0.796198 0.000000 -0.605036 0.825697 0.825697 0.825697
3405.285645 0.000000 510.754730 0.000000 0.915133 0.000000 0.403151 0.770910 0.770910 0.770910
3348.560059 0.000000 570.921265 0.000000 0.678307 0.000000 -0.734779 0.926103 0.926103 0.926103
3375.872070 0.000000 533.818298 0.000000 0.805442 0.000000 0.592675 0.791638 0.791638 0.791638
3384.234131 0.000000 564.229126 0.000000 0.983570 0.000000 0.180526 0.776834 0.776834 0.776834
3350.567383 0.000000 543.306885 0.000000 0.610496 0.000000 -0.792019 0.939666 0.939666 0.939666
3355.960938 0.000000 519.539734 0.000000 0.931786 0.000000 0.363007 0.771954 0.771954 0.771954
3364.798828 0.000000 557.792603 0.000000 0.905448 0.000000 0.424458 0.761915 0.761915 0.761915
3338.975586 0.000000 512.661865 0.000000 0.999883 0.000000 -0.015270 0.802333 0.802333 0.802333
3379.290771 0.000000 548.709412 0.000000 0.784653 0.000000 0.619936 0.745112 0.745112 0.745112
3367.915527 0.000000 573.815613 0.000000 0.010255 0.000000 0.999947 0.619539 0.619539 0.619539
3361.383057 0.000000 532.786987 0.000000 0.878155 0.000000 0.478376 0.741720 0.741720 0.741720
3354.563477 0.000000 553.680481 0.000000 0.801684 0.000000 -0.597748 0.897890 0.897890 0.897890
3358.908691 0.000000 567.808777 0.000000 0.681576 0.000000 -0.731747 0.925422 0.925422 0.925422
3337.269287 0.000000 522.120483 0.000000 0.493839 0.000000 0.869553 0.763361 0.763361 0.763361
3349.168457 0.000000 512.229004 0.000000 0.413816 0.000000 -0.910360 0.874724 0.874724 0.874724
3388.145020 0.000000 572.595703 0.000000 0.642622 0.000000 -0.766183 0.893095 0.893095 0.893095
3388.051514 0.000000 555.684448 0.000000 0.266487 0.000000 -0.963839 0.891987 0.891987 0.891987
3377.955811 0.000000 572.267456 0.000000 0.806166 0.000000 0.591689 0.739681 0.739681 0.739681
3352.609131 0.000000 534.207153 0.000000 0.890018 0.000000 -0.455926 0.845952 0.845952 0.845952
3373.483154 0.000000 555.175598 0.000000 0.869717 0.000000 0.493550 0.748970 0.748970 0.748970
3369.135498 0.000000 528.287170 0.000000 0.548174 0.000000 -0.836365 0.842736 0.842736 0.842736
3373.731689 0.000000 542.161377 0.000000 0.180242 0.000000 0.983622 0.646804 0.646804 0.646804
3343.799805 0.000000 538.462585 0.000000 0.926246 0.000000 0.376920 0.775686 0.775686 0.775686
3341.021484 0.000000 568.323059 0.000000 0.701313 0.000000 0.712854 0.750075 0.750075 0.750075
3358.527588 0.000000 540.134399 0.000000 0.994968 0.000000 0.100194 0.789356 0.789356 0.789356
3363.116699 0.000000 523.019897 0.000000 0.007422 0.000000 -0.999972 0.874002 0.874002 0.874002
3367.521729 0.000000 537.458740 0.000000 0.757105 0.000000 -0.653293 0.868677 0.868677 0.868677
3356.366455 0.000000 527.185791 0.000000 0.892936 0.000000 -0.450184 0.844208 0.844208 0.844208
3388.864014 0.000000 548.026917 0.000000 0.587455 0.000000 0.809257 0.780227 0.780227 0.780227
3380.267334 0.000000 558.194275 0.000000 0.880074 0.000000 0.474836 0.740116 0.740116 0.740116
3356.098145 0.000000 574.848328 0.000000 0.621322 0.000000 0.783556 0.691566 0.691566 0.691566
3358.309814 0.000000 547.683777 0.000000 0.944886 0.000000 0.327399 0.749037 0.749037 0.749037
3358.292725 0.000000 560.542114 0.000000 0.916601 0.000000 0.399804 0.760323 0.760323 0.760323
3367.441162 0.000000 551.314148 0.000000 0.062976 0.000000 0.998015 0.569628 0.569628 0.569628
3381.113281 0.000000 542.097900 0.000000 0.750669 0.000000 0.660678 0.761946 0.761946 0.761946
3366.545898 0.000000 564.263489 0.000000 0.982935 0.000000 0.183956 0.779492 0.779492 0.779492
3343.177246 0.000000 544.823914 0.000000 0.875568 0.000000 -0.483095 0.828699 0.828699 0.828699
3350.321533 0.000000 526.194702 0.000000 0.046559 0.000000 0.998916 0.567116 0.567116 0.567116
3372.809570 0.000000 548.264526 0.000000 0.044813 0.000000 -0.998995 0.981035 0.981035 0.981035
3334.382324 0.000000 516.562439 0.000000 0.688386 0.000000 0.725345 0.760128 0.760128 0.760128
3378.769531 0.000000 566.440491 0.000000 0.814327 0.000000 -0.580406 0.867155 0.867155 0.867155
3344.186768 0.000000 515.629700 0.000000 0.634772 0.000000 -0.772700 0.933867 0.933867 0.933867
3345.675293 0.000000 564.319214 0.000000 0.974479 0.000000 -0.224480 0.834593 0.834593 0.834593
3361.261475 0.000000 552.743591 0.000000 0.996005 0.000000 0.089294 0.790571 0.790571 0.790571
3389.761230 0.000000 562.961182 0.000000 0.114876 0.000000 -0.993380 0.962228 0.962228 0.962228
3384.288086 0.000000 551.471252 0.000000 0.849144 0.000000 0.528162 0.763993 0.763993 0.763993
3389.241211 0.000000 512.681519 0.000000 0.764219 0.000000 0.644957 0.781520 0.781520 0.781520
3339.451660 0.000000 527.303589 0.000000 0.036679 0.000000 -0.999327 0.884566 0.884566 0.884566
3343.966553 0.000000 574.016418 0.000000 0.119509 0.000000 -0.992833 0.862597 0.862597 0.862597
3353.298340 0.000000 567.666870 0.000000 0.559321 0.000000 -0.828951 0.949310 0.949310 0.949310
3349.658691 0.000000 556.497742 0.000000 0.890934 0.000000 -0.454132 0.857337 0.857337 0.857337
3370.202637 0.000000 559.709778 0.000000 0.393756 0.000000 -0.919215 0.881746 0.881746 0.881746
3383.248047 0.000000 569.625488 0.000000 0.608491 0.000000 -0.793561 0.893368 0.893368 0.893368
3351.075439 0.000000 517.177979 0.000000 0.951672 0.000000 0.307115 0.778117 0.778117 0.778117
3380.045410 0.000000 536.977539 0.000000 0.999875 0.000000 0.015799 0.799555 0.799555 0.799555
3370.801270 0.000000 533.654724 0.000000 0.562234 0.000000 -0.826978 0.843756 0.843756 0.843756
3385.897461 0.000000 543.864075 0.000000 0.282661 0.000000 -0.959220 0.823854 0.823854 0.823854
3390.952637 0.000000 567.944824 0.000000 0.406896 0.000000 -0.913475 0.926287 0.926287 0.926287
3365.577881 0.000000 569.299866 0.000000 0.932550 0.000000 0.361041 0.753522 0.753522 0.753522
3341.577637 0.000000 561.534485 0.000000 0.400181 0.000000 -0.916436 0.840280 0.840280 0.840280
3363.882812 0.000000 528.425049 0.000000 0.862140 0.000000 0.506669 0.750974 0.750974 0.750974
3341.192139 0.000000 532.658508 0.000000 0.115859 0.000000 0.993266 0.729400 0.729400 0.729400
3375.836670 0.000000 560.074036 0.000000 0.995807 0.000000 0.091478 0.793029 0.793029 0.793029
3362.688721 0.000000 537.484192 0.000000 0.976910 0.000000 -0.213653 0.825157 0.825157 0.825157
3342.962402 0.000000 552.534912 0.000000 0.472102 0.000000 0.881544 0.757326 0.757326 0.757326
3385.263428 0.000000 559.569946 0.000000 0.786544 0.000000 0.617534 0.718643 0.718643 0.718643
3357.163818 0.000000 535.508179 0.000000 0.259688 0.000000 -0.965692 0.934025 0.934025 0.934025
3368.752686 0.000000 542.029663 0.000000 0.933884 0.000000 -0.357577 0.839438 0.839438 0.839438
3379.464600 0.000000 553.581482 0.000000 0.283020 0.000000 0.959114 0.663843 0.663843 0.663843
3360.289062 0.000000 517.920166 0.000000 0.940619 0.000000 -0.339465 0.809961 0.809961 0.809961
3366.080322 0.000000 532.548523 0.000000 0.226610 0.000000 -0.973985 0.915002 0.915002 0.915002
3351.883301 0.000000 521.798584 0.000000 0.998883 0.000000 0.047242 0.795101 0.795101 0.795101
3367.828857 0.000000 523.909973 0.000000 0.912932 0.000000 0.408111 0.789673 0.789673 0.789673
3340.199951 0.000000 541.508789 0.000000 0.766201 0.000000 -0.642601 0.825507 0.825507 0.825507
3373.014648 0.000000 537.745178 0.000000 0.950982 0.000000 -0.309247 0.819026 0.819026 0.819026
3377.495117 0.000000 544.560913 0.000000 0.890424 0.000000 -0.455132 0.846149 0.846149 0.846149
3368.952881 0.000000 555.398682 0.000000 0.918033 0.000000 0.396504 0.770686 0.770686 0.770686
3358.320312 0.000000 556.069031 0.000000 0.227789 0.000000 -0.973710 0.971945 0.971945 0.971945
3358.671143 0.000000 523.287354 0.000000 0.533136 0.000000 -0.846030 0.878554 0.878554 0.878554
3391.183105 0.000000 558.725403 0.000000 0.197540 0.000000 -0.980295 0.903576 0.903576 0.903576
3352.879150 0.000000 529.827393 0.000000 0.200908 0.000000 -0.979610 0.933656 0.933656 0.933656
3356.262207 0.000000 564.284668 0.000000 0.216210 0.000000 -0.976347 0.975089 0.975089 0.975089
3352.790039 0.000000 571.959778 0.000000 0.054810 0.000000 0.998497 0.680102 0.680102 0.680102
3357.219727 0.000000 531.289124 0.000000 0.925114 0.000000 -0.379689 0.839903 0.839903 0.839903
3331.762695 0.000000 513.128601 0.000000 0.185794 0.000000 0.982589 0.758540 0.758540 0.758540
3386.778320 0.000000 567.436218 0.000000 0.746355 0.000000 -0.665549 0.891630 0.891630 0.891630
3375.768066 0.000000 551.323730 0.000000 0.003516 0.000000 -0.999994 0.973728 0.973728 0.973728
3383.371582 0.000000 547.166382 0.000000 0.854515 0.000000 -0.519427 0.820290 0.820290 0.820290
3346.542969 0.000000 541.717712 0.000000 0.917320 0.000000 0.398150 0.759761 0.759761 0.759761
3380.103027 0.000000 562.420654 0.000000 0.369201 0.000000 -0.929350 0.899329 0.899329 0.899329
3389.904297 0.000000 552.020203 0.000000 0.887891 0.000000 -0.460054 0.826066 0.826066 0.826066
3369.287109 0.000000 567.435120 0.000000 0.367439 0.000000 0.930048 0.661147 0.661147 0.661147
3364.880859 0.000000 540.914917 0.000000 0.883695 0.000000 0.468063 0.753303 0.753303 0.753303
3383.882080 0.000000 555.633118 0.000000 0.999991 0.000000 0.004282 0.799492 0.799492 0.799492
3372.135010 0.000000 574.640320 0.000000 0.727542 0.000000 0.686063 0.713022 0.713022 0.713022
3377.293457 0.000000 540.258667 0.000000 0.548630 0.000000 -0.836065 0.877119 0.877119 0.877119
3381.583008 0.000000 573.941223 0.000000 0.006890 0.000000 0.999976 0.686617 0.686617 0.686617
3345.123779 0.000000 511.880768 0.000000 0.628385 0.000000 -0.777903 0.909481 0.909481 0.909481
3360.256348 0.000000 527.278625 0.000000 0.349769 0.000000 -0.936836 0.904699 0.904699 0.904699
3350.077148 0.000000 574.582458 0.000000 0.970205 0.000000 0.242285 0.773607 0.773607 0.773607
3371.395752 0.000000 551.953613 0.000000 0.562535 0.000000 -0.826773 0.909059 0.909059 0.909059
3356.304199 0.000000 570.571838 0.000000 0.928538 0.000000 -0.371237 0.832816 0.832816 0.832816
3343.376221 0.000000 548.773438 0.000000 0.410770 0.000000 -0.911739 0.859817 0.859817 0.859817
3377.022705 0.000000 556.380554 0.000000 0.881979 0.000000 -0.471289 0.856751 0.856751 0.856751
3364.876221 0.000000 554.154236 0.000000 0.307948 0.000000 -0.951403 0.934143 0.934143 0.934143
3340.102295 0.000000 564.764526 0.000000 0.921415 0.000000 0.388581 0.780153 0.780153 0.780153
3354.922607 0.000000 523.767639 0.000000 0.322939 0.000000 0.946420 0.685401 0.685401 0.685401
3362.501465 0.000000 567.571899 0.000000 0.826636 0.000000 0.562736 0.724795 0.724795 0.724795
3378.447021 0.000000 575.850098 0.000000 0.354118 0.000000 0.935201 0.726122 0.726122 0.726122
3347.957520 0.000000 515.505554 0.000000 0.223366 0.000000 -0.974735 0.954791 0.954791 0.954791
3341.215088 0.000000 571.894958 0.000000 0.870034 0.000000 -0.492992 0.830271 0.830271 0.830271
3366.823975 0.000000 560.572937 0.000000 0.941014 0.000000 0.338368 0.769597 0.769597 0.769597
3385.113770 0.000000 574.209473 0.000000 0.928813 0.000000 -0.370548 0.827748 0.827748 0.827748
3335.677734 0.000000 513.212891 0.000000 0.632599 0.000000 0.774479 0.703394 0.703394 0.703394
3376.869141 0.000000 563.431702 0.000000 0.652093 0.000000 -0.758139 0.855680 0.855680 0.855680
3354.620117 0.000000 516.422119 0.000000 0.416560 0.000000 0.909108 0.732310 0.732310 0.732310
3376.115234 0.000000 547.715210 0.000000 0.211845 0.000000 0.977303 0.665809 0.665809 0.665809
3375.302246 0.000000 574.076172 0.000000 0.918871 0.000000 0.394559 0.759659 0.759659 0.759659
3380.510254 0.000000 545.688049 0.000000 0.803337 0.000000 0.595525 0.767511 0.767511 0.767511
3371.958496 0.000000 544.947388 0.000000 0.829694 0.000000 -0.558218 0.867777 0.867777 0.867777
3361.602295 0.000000 541.042053 0.000000 0.884172 0.000000 -0.467161 0.851550 0.851550 0.851550
3336.814697 0.000000 518.774841 0.000000 0.876966 0.000000 0.480553 0.774169 0.774169 0.774169
3343.052734 0.000000 565.993652 0.000000 0.904700 0.000000 -0.426049 0.828217 0.828217 0.828217
3381.963867 0.000000 566.650024 0.000000 0.958069 0.000000 -0.286537 0.829427 0.829427 0.829427
3365.183350 0.000000 525.607300 0.000000 0.625253 0.000000 0.780422 0.757619 0.757619 0.757619
3379.961182 0.000000 569.690796 0.000000 0.991669 0.000000 0.128808 0.786688 0.786688 0.786688
3372.980957 0.000000 558.268921 0.000000 0.682591 0.000000 -0.730800 0.867269 0.867269 0.867269
3358.454346 0.000000 572.844788 0.000000 0.999849 0.000000 -0.017388 0.801865 0.801865 0.801865
3362.345459 0.000000 555.903809 0.000000 0.876595 0.000000 0.481229 0.766308 0.766308 0.766308
3364.927734 0.000000 573.304688 0.000000 0.869195 0.000000 -0.494470 0.853304 0.853304 0.853304
3390.548340 0.000000 574.529968 0.000000 0.998884 0.000000 0.047236 0.796065 0.796065 0.796065
3388.485596 0.000000 560.198608 0.000000 0.332382 0.000000 0.943145 0.670822 0.670822 0.670822
3372.888916 0.000000 561.313477 0.000000 0.037358 0.000000 -0.999302 0.938737 0.938737 0.938737
3381.228516 0.000000 551.127625 0.000000 0.646700 0.000000 0.762745 0.728266 0.728266 0.728266
3370.171143 0.000000 539.311279 0.000000 0.112684 0.000000 0.993631 0.667226 0.667226 0.667226
3352.113281 0.000000 537.189026 0.000000 0.668101 0.000000 -0.744071 0.890000 0.890000 0.890000
3344.604980 0.000000 561.457642 0.000000 0.276998 0.000000 -0.960871 0.939914 0.939914 0.939914
3360.538818 0.000000 549.792725 0.000000 0.805580 0.000000 -0.592487 0.858894 0.858894 0.858894
3339.472900 0.000000 524.159485 0.000000 0.805371 0.000000 0.592772 0.734991 0.734991 0.734991
3387.034668 0.000000 550.495728 0.000000 0.595765 0.000000 -0.803159 0.848613 0.848613 0.848613
3356.301514 0.000000 538.175964 0.000000 0.360886 0.000000 0.932610 0.681208 0.681208 0.681208
3359.095459 0.000000 520.467163 0.000000 0.990743 0.000000 0.135754 0.790862 0.790862 0.790862
3368.069824 0.000000 534.556458 0.000000 0.858822 0.000000 0.512275 0.759396 0.759396 0.759396
3370.500732 0.000000 536.491943 0.000000 0.807916 0.000000 0.589297 0.752801 0.752801 0.752801
3353.189453 0.000000 519.189087 0.000000 0.795994 0.000000 -0.605304 0.852200 0.852200 0.852200
3386.010010 0.000000 553.761047 0.000000 0.999591 0.000000 0.028601 0.797943 0.797943 0.797943
3354.544678 0.000000 536.121887 0.000000 0.212308 0.000000 0.977203 0.677238 0.677238 0.677238
3374.690918 0.000000 539.697510 0.000000 0.622723 0.000000 -0.782442 0.865147 0.865147 0.865147
3383.583740 0.000000 572.176086 0.000000 0.996153 0.000000 0.087626 0.793271 0.793271 0.793271
3343.809814 0.000000 571.503723 0.000000 0.584160 0.000000 -0.811639 0.869789 0.869789 0.869789
3370.971924 0.000000 556.828613 0.000000 0.330567 0.000000 -0.943783 0.894632 0.894632 0.894632
3412.552246 0.000000 570.921265 0.000000 0.997661 0.000000 0.068352 0.799303 0.799303 0.799303
3439.864258 0.000000 533.818298 0.000000 0.761627 0.000000 0.648016 0.786483 0.786483 0.786483
3448.226318 0.000000 564.229126 0.000000 0.550053 0.000000 0.835130 0.787564 0.787564 0.787564
3419.953125 0.000000 519.539734 0.000000 0.585829 0.000000 -0.810435 0.844160 0.844160 0.844160
3393.562012 0.000000 554.886353 0.000000 0.659373 0.000000 -0.751816 0.823960 0.823960 0.823960
3428.791016 0.000000 557.792603 0.000000 0.770166 0.000000 -0.637844 0.821551 0.821551 0.821551
3402.967773 0.000000 512.661865 0.000000 0.089118 0.000000 0.996021 0.722769 0.722769 0.722769
3443.282959 0.000000 548.709412 0.000000 0.388107 0.000000 0.921614 0.759263 0.759263 0.759263
3397.147705 0.000000 570.431030 0.000000 0.548041 0.000000 -0.836452 0.858177 0.858177 0.858177
3431.907715 0.000000 573.815613 0.000000 0.934739 0.000000 -0.355336 0.810883 0.810883 0.810883
3434.571289 0.000000 519.821655 0.000000 0.974603 0.000000 0.223941 0.789309 0.789309 0.789309
3425.375244 0.000000 532.786987 0.000000 0.518691 0.000000 -0.854962 0.835637 0.835637 0.835637
3428.934082 0.000000 545.005432 0.000000 0.951553 0.000000 0.307485 0.795880 0.795880 0.795880
3450.855713 0.000000 538.468018 0.000000 0.796973 0.000000 -0.604015 0.826812 0.826812 0.826812
3437.229492 0.000000 564.330261 0.000000 0.314318 0.000000 -0.949318 0.837480 0.837480 0.837480
3413.160645 0.000000 512.229004 0.000000 0.991653 0.000000 0.128932 0.793415 0.793415 0.793415
3452.137207 0.000000 572.595703 0.000000 0.783052 0.000000 -0.621956 0.807642 0.807642 0.807642
3452.043701 0.000000 555.684448 0.000000 0.999962 0.000000 0.008726 0.799890 0.799890 0.799890
3441.947998 0.000000 572.267456 0.000000 0.870759 0.000000 0.491709 0.792916 0.792916 0.792916
3437.475342 0.000000 555.175598 0.000000 0.229865 0.000000 -0.973223 0.866583 0.866583 0.866583
3411.224854 0.000000 520.898621 0.000000 0.479791 0.000000 0.877383 0.767292 0.767292 0.767292
3441.344971 0.000000 525.356750 0.000000 0.367064 0.000000 0.930196 0.744870 0.744870 0.744870
3433.127686 0.000000 528.287170 0.000000 0.999095 0.000000 0.042542 0.798088 0.798088 0.798088
3437.723877 0.000000 542.161377 0.000000 0.555908 0.000000 -0.831244 0.821168 0.821168 0.821168
3392.087158 0.000000 562.991577 0.000000 0.710191 0.000000 0.704009 0.757415 0.757415 0.757415
3405.013672 0.000000 568.323059 0.000000 0.981912 0.000000 0.189340 0.795549 0.795549 0.795549
3422.519775 0.000000 540.134399 0.000000 0.895612 0.000000 0.444835 0.793923 0.793923 0.793923
3427.108887 0.000000 523.019897 0.000000 0.976831 0.000000 -0.214012 0.818868 0.818868 0.818868
3431.513916 0.000000 537.458740 0.000000 0.273176 0.000000 0.961964 0.743397 0.743397 0.743397
3420.358643 0.000000 527.185791 0.000000 0.683836 0.000000 0.729635 0.753940 0.753940 0.753940
3452.856201 0.000000 548.026917 0.000000 0.920559 0.000000 0.390603 0.788218 0.788218 0.788218
3444.259521 0.000000 558.194275 0.000000 0.569553 0.000000 -0.821955 0.834108 0.834108 0.834108
3446.957764 0.000000 532.401306 0.000000 0.770169 0.000000 -0.637839 0.811604 0.811604 0.811604
3420.090332 0.000000 574.848328 0.000000 0.210100 0.000000 -0.977680 0.822802 0.822802 0.822802
3431.433350 0.000000 551.314148 0.000000 0.999065 0.000000 -0.043241 0.801451 0.801451 0.801451
3445.105469 0.000000 542.097900 0.000000 0.977870 0.000000 0.209211 0.792802 0.792802 0.792802
3430.538086 0.000000 564.263489 0.000000 0.359250 0.000000 -0.933241 0.820909 0.820909 0.820909
3414.313721 0.000000 526.194702 0.000000 0.703099 0.000000 -0.711092 0.819433 0.819433 0.819433
3436.801758 0.000000 548.264526 0.000000 0.766769 0.000000 0.641923 0.770349 0.770349 0.770349
3453.015869 0.000000 532.698608 0.000000 0.830869 0.000000 -0.556468 0.810608 0.810608 0.810608
3391.688232 0.000000 572.946594 0.000000 0.942148 0.000000 -0.335198 0.834817 0.834817 0.834817
3442.761719 0.000000 566.440491 0.000000 0.613455 0.000000 -0.789729 0.828364 0.828364 0.828364
3408.178955 0.000000 515.629700 0.000000 0.522431 0.000000 0.852682 0.728418 0.728418 0.728418
3401.947998 0.000000 573.572876 0.000000 0.790090 0.000000 -0.612990 0.835187 0.835187 0.835187
3448.280273 0.000000 551.471252 0.000000 0.028666 0.000000 0.999589 0.756572 0.756572 0.756572
3436.532715 0.000000 570.096741 0.000000 0.021068 0.000000 -0.999778 0.836214 0.836214 0.836214
3425.837158 0.000000 573.028015 0.000000 0.440159 0.000000 -0.897920 0.824719 0.824719 0.824719
3407.958740 0.000000 574.016418 0.000000 0.043280 0.000000 -0.999063 0.866812 0.866812 0.866812
3434.194824 0.000000 559.709778 0.000000 0.177979 0.000000 -0.984034 0.856710 0.856710 0.856710
3429.013184 0.000000 517.619141 0.000000 0.939840 0.000000 0.341614 0.780991 0.780991 0.780991
3415.067627 0.000000 517.177979 0.000000 0.608787 0.000000 -0.793333 0.836234 0.836234 0.836234
3397.163818 0.000000 575.812683 0.000000 0.779333 0.000000 0.626610 0.757801 0.757801 0.757801
3444.037598 0.000000 536.977539 0.000000 0.832858 0.000000 0.553487 0.788402 0.788402 0.788402
3434.793457 0.000000 533.654724 0.000000 0.834923 0.000000 -0.550367 0.818158 0.818158 0.818158
3449.889648 0.000000 543.864075 0.000000 0.331754 0.000000 0.943366 0.750517 0.750517 0.750517
3439.439209 0.000000 520.749268 0.000000 0.931073 0.000000 -0.364833 0.815663 0.815663 0.815663
3429.570068 0.000000 569.299866 0.000000 0.604947 0.000000 0.796266 0.780684 0.780684 0.780684
3396.497559 0.000000 565.295837 0.000000 0.268479 0.000000 -0.963286 0.834246 0.834246 0.834246
3395.843506 0.000000 559.236084 0.000000 0.499593 0.000000 0.866260 0.777402 0.777402 0.777402
3427.875000 0.000000 528.425049 0.000000 0.588726 0.000000 0.808333 0.752623 0.752623 0.752623
3438.158936 0.000000 529.205811 0.000000 0.696448 0.000000 -0.717607 0.831171 0.831171 0.831171
3436.219727 0.000000 524.533508 0.000000 0.961536 0.000000 -0.274678 0.815172 0.815172 0.815172
3439.828857 0.000000 560.074036 0.000000 0.130387 0.000000 -0.991463 0.864712 0.864712 0.864712
3403.689453 0.000000 517.481323 0.000000 0.438917 0.000000 -0.898528 0.835453 0.835453 0.835453
3426.680908 0.000000 537.484192 0.000000 0.998662 0.000000 -0.051716 0.802201 0.802201 0.802201
3445.698730 0.000000 527.656067 0.000000 0.999882 0.000000 -0.015355 0.800451 0.800451 0.800451
3432.744873 0.000000 542.029663 0.000000 0.723196 0.000000 -0.690643 0.816901 0.816901 0.816901
3443.456787 0.000000 553.581482 0.000000 0.995897 0.000000 0.090498 0.796362 0.796362 0.796362
3424.281250 0.000000 517.920166 0.000000 0.452968 0.000000 -0.891527 0.858037 0.858037 0.858037
3391.620117 0.000000 550.676208 0.000000 0.487141 0.000000 0.873323 0.774548 0.774548 0.774548
3430.072510 0.000000 532.548523 0.000000 0.797534 0.000000 -0.603274 0.825222 0.825222 0.825222
3415.875488 0.000000 521.798584 0.000000 0.314841 0.000000 0.949144 0.748300 0.748300 0.748300
3392.886230 0.000000 568.420959 0.000000 0.999465 0.000000 -0.032708 0.803195 0.803195 0.803195
3431.821045 0.000000 523.909973 0.000000 0.982713 0.000000 0.185136 0.786277 0.786277 0.786277
3441.487305 0.000000 544.560913 0.000000 0.508920 0.000000 0.860814 0.768316 0.768316 0.768316
3432.945068 0.000000 555.398682 0.000000 0.551575 0.000000 -0.834125 0.845515 0.845515 0.845515
3422.663330 0.000000 523.287354 0.000000 0.306143 0.000000 -0.951985 0.907175 0.907175 0.907175
3453.601807 0.000000 541.776428 0.000000 0.895042 0.000000 0.445981 0.777288 0.777288 0.777288
3439.760254 0.000000 551.323730 0.000000 0.509789 0.000000 -0.860299 0.849652 0.849652 0.849652
3447.363770 0.000000 547.166382 0.000000 0.034015 0.000000 0.999421 0.750277 0.750277 0.750277
3444.095215 0.000000 562.420654 0.000000 0.013192 0.000000 -0.999913 0.853197 0.853197 0.853197
3428.873047 0.000000 540.914917 0.000000 0.181496 0.000000 0.983392 0.756745 0.756745 0.756745
3409.115967 0.000000 511.880768 0.000000 0.047633 0.000000 0.998865 0.684097 0.684097 0.684097
3424.248535 0.000000 527.278625 0.000000 0.994028 0.000000 -0.109129 0.807010 0.807010 0.807010
3435.387939 0.000000 551.953613 0.000000 0.340652 0.000000 -0.940189 0.854967 0.854967 0.854967
3407.628174 0.000000 519.430908 0.000000 0.975683 0.000000 0.219185 0.792321 0.792321 0.792321
3391.793701 0.000000 558.310303 0.000000 0.982666 0.000000 -0.185383 0.814077 0.814077 0.814077
3441.014893 0.000000 556.380554 0.000000 0.935168 0.000000 -0.354205 0.815837 0.815837 0.815837
3454.245117 0.000000 536.190735 0.000000 0.989557 0.000000 0.144140 0.794540 0.794540 0.794540
3418.914795 0.000000 523.767639 0.000000 0.989015 0.000000 -0.147813 0.809689 0.809689 0.809689
3411.949707 0.000000 515.505554 0.000000 0.769118 0.000000 0.639106 0.756796 0.756796 0.756796
3430.460205 0.000000 520.735291 0.000000 0.990551 0.000000 0.137144 0.789943 0.789943 0.789943
3395.071289 0.000000 573.176636 0.000000 0.253250 0.000000 0.967401 0.704680 0.704680 0.704680
3400.491943 0.000000 570.521729 0.000000 0.893326 0.000000 0.449408 0.780171 0.780171 0.780171
3440.861328 0.000000 563.431702 0.000000 0.909057 0.000000 -0.416672 0.817511 0.817511 0.817511
3432.254639 0.000000 517.164368 0.000000 0.999898 0.000000 -0.014306 0.800626 0.800626 0.800626
3398.839111 0.000000 573.171631 0.000000 0.455257 0.000000 0.890360 0.738151 0.738151 0.738151
3429.175537 0.000000 525.607300 0.000000 0.929923 0.000000 -0.367753 0.826626 0.826626 0.826626
3405.993652 0.000000 513.442993 0.000000 0.999998 0.000000 -0.002068 0.800141 0.800141 0.800141
3426.784180 0.000000 519.761353 0.000000 0.845894 0.000000 -0.533352 0.841459 0.841459 0.841459
3423.087646 0.000000 520.467163 0.000000 0.906026 0.000000 0.423223 0.764914 0.764914 0.764914
3393.220459 0.000000 565.594604 0.000000 0.977549 0.000000 -0.210710 0.814883 0.814883 0.814883
3426.403809 0.000000 525.872314 0.000000 0.301239 0.000000 0.953549 0.700724 0.700724 0.700724
3355.960938 0.000000 583.524109 0.000000 0.838414 0.000000 -0.545034 0.826594 0.826594 0.826594
3382.647217 0.000000 576.611633 0.000000 0.628289 0.000000 -0.777980 0.855015 0.855015 0.855015
3370.579102 0.000000 583.806030 0.000000 0.557635 0.000000 0.830086 0.737805 0.737805 0.737805
3386.004639 0.000000 589.384888 0.000000 0.361498 0.000000 0.932373 0.703579 0.703579 0.703579
3386.863525 0.000000 602.452393 0.000000 0.050381 0.000000 -0.998730 0.912961 0.912961 0.912961
3363.089844 0.000000 576.421875 0.000000 0.865517 0.000000 -0.500880 0.839920 0.839920 0.839920
3349.168457 0.000000 576.213379 0.000000 0.968579 0.000000 0.248707 0.790362 0.790362 0.790362
3377.352783 0.000000 589.341125 0.000000 0.949014 0.000000 0.315235 0.762529 0.762529 0.762529
3369.135498 0.000000 592.271545 0.000000 0.990486 0.000000 -0.137610 0.806286 0.806286 0.806286
3363.116699 0.000000 587.004272 0.000000 0.999852 0.000000 -0.017199 0.800464 0.800464 0.800464
3375.144043 0.000000 577.287476 0.000000 0.253894 0.000000 0.967232 0.681895 0.681895 0.681895
3382.965576 0.000000 596.385681 0.000000 0.514216 0.000000 0.857661 0.719099 0.719099 0.719099
3387.258301 0.000000 582.236877 0.000000 0.505487 0.000000 0.862834 0.722044 0.722044 0.722044
3380.478027 0.000000 583.162598 0.000000 0.480171 0.000000 -0.877175 0.869237 0.869237 0.869237
3357.098389 0.000000 577.583008 0.000000 0.962626 0.000000 0.270834 0.765162 0.765162 0.765162
3389.023682 0.000000 596.682983 0.000000 0.956699 0.000000 0.291079 0.783719 0.783719 0.783719
3369.028809 0.000000 577.930603 0.000000 0.988385 0.000000 0.151970 0.784095 0.784095 0.784095
3389.241211 0.000000 576.665894 0.000000 0.175753 0.000000 0.984434 0.697256 0.697256 0.697256
3365.020996 0.000000 581.603516 0.000000 0.717774 0.000000 -0.696276 0.841995 0.841995 0.841995
3351.075439 0.000000 581.162354 0.000000 0.244246 0.000000 0.969713 0.749227 0.749227 0.749227
3375.447021 0.000000 584.733643 0.000000 0.118670 0.000000 0.992934 0.661685 0.661685 0.661685
3374.166748 0.000000 593.190186 0.000000 0.931533 0.000000 -0.363658 0.839249 0.839249 0.839249
3372.227539 0.000000 588.517883 0.000000 0.202299 0.000000 0.979324 0.702524 0.702524 0.702524
3381.706543 0.000000 591.640442 0.000000 0.989295 0.000000 -0.145931 0.812285 0.812285 0.812285
3360.289062 0.000000 581.904541 0.000000 0.998864 0.000000 -0.047651 0.805227 0.805227 0.805227
3389.608154 0.000000 586.127197 0.000000 0.251743 0.000000 -0.967794 0.889123 0.889123 0.889123
3367.828857 0.000000 587.894348 0.000000 0.399872 0.000000 0.916571 0.731226 0.731226 0.731226
3358.671143 0.000000 587.271729 0.000000 0.527363 0.000000 -0.849640 0.835284 0.835284 0.835284
3389.375244 0.000000 592.325378 0.000000 0.159297 0.000000 -0.987231 0.870162 0.870162 0.870162
3382.290039 0.000000 587.123230 0.000000 0.147904 0.000000 0.989002 0.683244 0.683244 0.683244
3378.647949 0.000000 594.588989 0.000000 0.907644 0.000000 0.419741 0.763665 0.763665 0.763665
3378.813477 0.000000 579.308594 0.000000 0.580949 0.000000 0.813940 0.750431 0.750431 0.750431
3373.117676 0.000000 580.785400 0.000000 0.999887 0.000000 0.015009 0.798813 0.798813 0.798813
3353.052246 0.000000 577.521912 0.000000 0.660677 0.000000 -0.750670 0.891065 0.891065 0.891065
3385.696777 0.000000 593.651001 0.000000 0.179042 0.000000 0.983841 0.690835 0.690835 0.690835
3383.498779 0.000000 580.413696 0.000000 0.757713 0.000000 0.652587 0.752713 0.752713 0.752713
3345.123779 0.000000 575.865173 0.000000 0.287293 0.000000 -0.957843 0.860560 0.860560 0.860560
3385.951660 0.000000 598.800110 0.000000 0.998456 0.000000 -0.055554 0.804163 0.804163 0.804163
3390.252930 0.000000 600.175110 0.000000 0.392661 0.000000 0.919683 0.712575 0.712575 0.712575
3390.779785 0.000000 582.762329 0.000000 0.443280 0.000000 0.896383 0.748052 0.748052 0.748052
3384.101074 0.000000 584.052673 0.000000 0.811756 0.000000 0.583996 0.747686 0.747686 0.747686
3385.971436 0.000000 577.827698 0.000000 0.552006 0.000000 -0.833840 0.867351 0.867351 0.867351
3366.468018 0.000000 584.719666 0.000000 0.308948 0.000000 -0.951079 0.893370 0.893370 0.893370
3378.602783 0.000000 586.031311 0.000000 0.840738 0.000000 0.541442 0.768461 0.768461 0.768461
3371.909912 0.000000 576.012329 0.000000 0.797248 0.000000 0.603652 0.728552 0.728552 0.728552
3354.620117 0.000000 580.406494 0.000000 0.157381 0.000000 -0.987538 0.955753 0.955753 0.955753
3368.262451 0.000000 581.148743 0.000000 0.999992 0.000000 -0.004035 0.800305 0.800305 0.800305
3365.767822 0.000000 578.373291 0.000000 0.575843 0.000000 -0.817560 0.865379 0.865379 0.865379
3376.650635 0.000000 581.611328 0.000000 0.918446 0.000000 0.395546 0.775147 0.775147 0.775147
3362.574463 0.000000 579.565125 0.000000 0.081150 0.000000 -0.996702 0.900853 0.900853 0.900853
3379.807129 0.000000 597.588562 0.000000 0.624537 0.000000 0.780995 0.724818 0.724818 0.724818
3362.791992 0.000000 583.745728 0.000000 0.290426 0.000000 0.956897 0.668486 0.668486 0.668486
3382.824463 0.000000 599.640625 0.000000 0.993198 0.000000 0.116437 0.791539 0.791539 0.791539
3379.534668 0.000000 576.296082 0.000000 0.978204 0.000000 -0.207648 0.811280 0.811280 0.811280
3389.473145 0.000000 580.016418 0.000000 0.976592 0.000000 0.215098 0.785711 0.785711 0.785711
3386.574219 0.000000 586.412537 0.000000 0.866213 0.000000 -0.499675 0.843577 0.843577 0.843577
3380.198730 0.000000 589.138794 0.000000 0.254297 0.000000 0.967126 0.700823 0.700823 0.700823
3375.063965 0.000000 587.634216 0.000000 0.585556 0.000000 0.810632 0.714480 0.714480 0.714480
3377.200195 0.000000 592.156860 0.000000 0.208974 0.000000 -0.977921 0.916550 0.916550 0.916550
3375.981689 0.000000 595.177002 0.000000 0.099034 0.000000 0.995084 0.678320 0.678320 0.678320
3390.085449 0.000000 602.915710 0.000000 0.570100 0.000000 -0.821575 0.879723 0.879723 0.879723
3383.418457 0.000000 589.551147 0.000000 0.333850 0.000000 -0.942626 0.901737 0.901737 0.901737
3393.088379 0.000000 591.715820 0.000000 0.643358 0.000000 -0.765565 0.818285 0.818285 0.818285
3439.864258 0.000000 597.802673 0.000000 0.656700 0.000000 -0.754152 0.812286 0.812286 0.812286
3414.559570 0.000000 607.291260 0.000000 0.804463 0.000000 -0.594003 0.826295 0.826295 0.826295
3419.953125 0.000000 583.524109 0.000000 0.995231 0.000000 -0.097545 0.803161 0.803161 0.803161
3446.639404 0.000000 576.611633 0.000000 0.611484 0.000000 -0.791257 0.810392 0.810392 0.810392
3402.967773 0.000000 576.646240 0.000000 0.535040 0.000000 0.844827 0.745738 0.745738 0.745738
3443.282959 0.000000 612.693787 0.000000 0.831581 0.000000 -0.555404 0.816230 0.816230 0.816230
3408.652588 0.000000 593.276978 0.000000 0.338945 0.000000 -0.940806 0.861655 0.861655 0.861655
3399.753174 0.000000 605.183777 0.000000 0.592264 0.000000 0.805744 0.778667 0.778667 0.778667
3434.571289 0.000000 583.806030 0.000000 0.947815 0.000000 0.318822 0.797084 0.797084 0.797084
3425.375244 0.000000 596.771362 0.000000 0.854221 0.000000 -0.519910 0.811138 0.811138 0.811138
3449.996826 0.000000 589.384888 0.000000 0.998582 0.000000 -0.053233 0.800192 0.800192 0.800192
3428.934082 0.000000 608.989807 0.000000 0.411751 0.000000 -0.911296 0.851518 0.851518 0.851518
3450.855713 0.000000 602.452393 0.000000 0.206817 0.000000 -0.978380 0.817960 0.817960 0.817960
3391.958740 0.000000 579.152466 0.000000 0.546242 0.000000 0.837628 0.739317 0.739317 0.739317
3427.082031 0.000000 576.421875 0.000000 0.919359 0.000000 0.393421 0.786675 0.786675 0.786675
3401.261475 0.000000 586.104858 0.000000 0.250360 0.000000 0.968153 0.754995 0.754995 0.754995
3413.160645 0.000000 576.213379 0.000000 0.320306 0.000000 -0.947314 0.820883 0.820883 0.820883
3391.816650 0.000000 600.737915 0.000000 0.997960 0.000000 -0.063839 0.804785 0.804785 0.804785
3416.601318 0.000000 598.191528 0.000000 0.687197 0.000000 0.726472 0.751277 0.751277 0.751277
3411.224854 0.000000 584.882996 0.000000 0.992007 0.000000 -0.126182 0.804018 0.804018 0.804018
3441.344971 0.000000 589.341125 0.000000 0.166831 0.000000 0.985986 0.784026 0.784026 0.784026
3433.127686 0.000000 592.271545 0.000000 0.783978 0.000000 -0.620788 0.805217 0.805217 0.805217
3437.723877 0.000000 606.145752 0.000000 0.690492 0.000000 0.723340 0.763178 0.763178 0.763178
3407.791992 0.000000 602.446960 0.000000 0.888225 0.000000 -0.459408 0.812012 0.812012 0.812012
3400.387451 0.000000 596.187500 0.000000 0.985302 0.000000 -0.170820 0.805040 0.805040 0.805040
3422.519775 0.000000 604.118774 0.000000 0.976388 0.000000 0.216026 0.790085 0.790085 0.790085
3427.108887 0.000000 587.004272 0.000000 0.971033 0.000000 -0.238945 0.806795 0.806795 0.806795
3431.513916 0.000000 601.443115 0.000000 0.183159 0.000000 0.983083 0.771752 0.771752 0.771752
3420.358643 0.000000 591.170166 0.000000 0.340442 0.000000 -0.940265 0.832986 0.832986 0.832986
3446.957764 0.000000 596.385681 0.000000 0.955245 0.000000 0.295816 0.796041 0.796041 0.796041
3422.302002 0.000000 611.668152 0.000000 0.948450 0.000000 0.316925 0.792851 0.792851 0.792851
3451.250488 0.000000 582.236877 0.000000 0.415663 0.000000 -0.909519 0.812318 0.812318 0.812318
3444.470215 0.000000 583.162598 0.000000 0.109460 0.000000 0.993991 0.779864 0.779864 0.779864
3431.433350 0.000000 615.298523 0.000000 0.206351 0.000000 -0.978478 0.832666 0.832666 0.832666
3445.105469 0.000000 606.082275 0.000000 0.463423 0.000000 0.886137 0.773901 0.773901 0.773901
3393.903564 0.000000 585.321228 0.000000 0.903764 0.000000 0.428031 0.787809 0.787809 0.787809
3414.313721 0.000000 590.179077 0.000000 0.696706 0.000000 0.717357 0.757818 0.757818 0.757818
3436.801758 0.000000 612.248901 0.000000 0.573519 0.000000 -0.819192 0.837388 0.837388 0.837388
3421.090576 0.000000 577.583008 0.000000 0.678291 0.000000 0.734793 0.786648 0.786648 0.786648
3398.374512 0.000000 580.546814 0.000000 0.407198 0.000000 0.913340 0.765505 0.765505 0.765505
3408.178955 0.000000 579.614075 0.000000 0.420497 0.000000 0.907294 0.765262 0.765262 0.765262
3433.020996 0.000000 577.930603 0.000000 0.503356 0.000000 -0.864079 0.826880 0.826880 0.826880
3403.443848 0.000000 591.287964 0.000000 0.154068 0.000000 -0.988060 0.870425 0.870425 0.870425
3429.013184 0.000000 581.603516 0.000000 0.551530 0.000000 -0.834155 0.834286 0.834286 0.834286
3415.067627 0.000000 581.162354 0.000000 0.959514 0.000000 -0.281661 0.806843 0.806843 0.806843
3444.037598 0.000000 600.961914 0.000000 0.935368 0.000000 -0.353676 0.806715 0.806715 0.806715
3413.088623 0.000000 602.123474 0.000000 0.727158 0.000000 0.686471 0.751038 0.751038 0.751038
3396.947266 0.000000 600.185852 0.000000 0.553440 0.000000 -0.832889 0.833617 0.833617 0.833617
3406.325684 0.000000 587.024475 0.000000 0.328401 0.000000 0.944538 0.751855 0.751855 0.751855
3398.410645 0.000000 590.762939 0.000000 0.393989 0.000000 0.919115 0.759485 0.759485 0.759485
3394.348633 0.000000 605.401550 0.000000 0.461430 0.000000 0.887177 0.738542 0.738542 0.738542
3411.461914 0.000000 597.338196 0.000000 0.246218 0.000000 0.969215 0.731878 0.731878 0.731878
3405.184326 0.000000 596.642883 0.000000 0.992541 0.000000 0.121915 0.795899 0.795899 0.795899
3403.689453 0.000000 581.465698 0.000000 0.994313 0.000000 0.106495 0.796228 0.796228 0.796228
3426.680908 0.000000 601.468567 0.000000 0.205277 0.000000 -0.978704 0.848221 0.848221 0.848221
3393.930908 0.000000 596.437805 0.000000 0.947871 0.000000 0.318656 0.788535 0.788535 0.788535
3417.775391 0.000000 603.698730 0.000000 0.791341 0.000000 0.611375 0.757828 0.757828 0.757828
3421.156006 0.000000 599.492554 0.000000 0.098383 0.000000 0.995149 0.736486 0.736486 0.736486
3432.744873 0.000000 606.014038 0.000000 0.978052 0.000000 -0.208359 0.810061 0.810061 0.810061
3424.281250 0.000000 581.904541 0.000000 0.902324 0.000000 0.431059 0.786381 0.786381 0.786381
3415.875488 0.000000 585.782959 0.000000 0.943066 0.000000 0.332607 0.786592 0.786592 0.786592
3441.487305 0.000000 608.545288 0.000000 0.658909 0.000000 -0.752223 0.832140 0.832140 0.832140
3422.663330 0.000000 587.271729 0.000000 0.431439 0.000000 0.902142 0.763610 0.763610 0.763610
3416.871338 0.000000 593.811768 0.000000 0.953527 0.000000 0.301308 0.784962 0.784962 0.784962
3424.672363 0.000000 608.118774 0.000000 0.127595 0.000000 -0.991826 0.854465 0.854465 0.854465
3409.960938 0.000000 589.167542 0.000000 0.424164 0.000000 -0.905585 0.850225 0.850225 0.850225
3421.211914 0.000000 595.273499 0.000000 0.440342 0.000000 0.897830 0.767270 0.767270 0.767270
3395.754883 0.000000 577.112976 0.000000 0.806484 0.000000 0.591256 0.764370 0.764370 0.764370
3433.000000 0.000000 610.292419 0.000000 0.030552 0.000000 -0.999533 0.873829 0.873829 0.873829
3410.535156 0.000000 605.702087 0.000000 0.646493 0.000000 0.762920 0.757882 0.757882 0.757882
3428.873047 0.000000 604.899292 0.000000 0.954857 0.000000 -0.297066 0.813012 0.813012 0.813012
3441.285645 0.000000 604.243042 0.000000 0.395170 0.000000 0.918608 0.763019 0.763019 0.763019
3409.115967 0.000000 575.865173 0.000000 0.074460 0.000000 -0.997224 0.851102 0.851102 0.851102
3412.366455 0.000000 593.702881 0.000000 0.118388 0.000000 0.992967 0.719953 0.719953 0.719953
3391.707031 0.000000 588.346985 0.000000 0.861761 0.000000 0.507314 0.777047 0.777047 0.777047
3418.914795 0.000000 587.752014 0.000000 0.999980 0.000000 0.006354 0.799745 0.799745 0.799745
3408.194580 0.000000 598.879578 0.000000 0.999809 0.000000 -0.019542 0.800855 0.800855 0.800855
3399.669922 0.000000 577.197266 0.000000 0.681855 0.000000 -0.731488 0.844738 0.844738 0.844738
3391.610840 0.000000 582.543274 0.000000 0.840069 0.000000 -0.542480 0.826797 0.826797 0.826797
3406.741943 0.000000 590.488708 0.000000 0.393699 0.000000 -0.919239 0.853103 0.853103 0.853103
3392.117920 0.000000 576.009216 0.000000 0.812566 0.000000 0.582870 0.760852 0.760852 0.760852
3435.950684 0.000000 608.931763 0.000000 0.821838 0.000000 0.569721 0.768765 0.768765 0.768765
3425.594482 0.000000 605.026428 0.000000 0.413098 0.000000 -0.910686 0.854881 0.854881 0.854881
3400.733398 0.000000 593.057495 0.000000 0.888257 0.000000 0.459347 0.779125 0.779125 0.779125
3394.550537 0.000000 602.277405 0.000000 0.568485 0.000000 0.822694 0.743270 0.743270 0.743270
3405.993652 0.000000 577.427368 0.000000 0.204143 0.000000 0.978941 0.732107 0.732107 0.732107
3414.573975 0.000000 595.896973 0.000000 0.971220 0.000000 0.238185 0.786455 0.786455 0.786455
3416.105469 0.000000 601.173401 0.000000 0.989421 0.000000 -0.145071 0.809508 0.809508 0.809508
3391.635986 0.000000 603.843079 0.000000 0.322543 0.000000 -0.946555 0.902727 0.902727 0.902727
3414.900635 0.000000 604.394226 0.000000 0.683880 0.000000 0.729594 0.754434 0.754434 0.754434
3410.423340 0.000000 600.750244 0.000000 0.812419 0.000000 -0.583074 0.835807 0.835807 0.835807
3413.831299 0.000000 599.061096 0.000000 0.939122 0.000000 -0.343583 0.821645 0.821645 0.821645
3457.554199 0.000000 554.886353 0.000000 0.980820 0.000000 0.194917 0.798707 0.798707 0.798707
3461.139893 0.000000 570.431030 0.000000 0.639696 0.000000 -0.768628 0.808930 0.808930 0.808930
3463.745361 0.000000 541.199402 0.000000 0.662271 0.000000 -0.749264 0.821821 0.821821 0.821821
3466.950928 0.000000 549.683044 0.000000 0.094158 0.000000 -0.995557 0.822117 0.822117 0.822117
3464.139404 0.000000 561.743225 0.000000 0.760968 0.000000 0.648790 0.789425 0.789425 0.789425
3455.808838 0.000000 536.753540 0.000000 0.265074 0.000000 -0.964228 0.849167 0.849167 0.849167
3456.292236 0.000000 546.040649 0.000000 0.987529 0.000000 -0.157439 0.805210 0.805210 0.805210
3456.079346 0.000000 562.991577 0.000000 0.884063 0.000000 0.467367 0.794464 0.794464 0.794464
3463.835205 0.000000 555.367493 0.000000 0.817146 0.000000 0.576431 0.791166 0.791166 0.791166
3455.680420 0.000000 572.946594 0.000000 0.979105 0.000000 -0.203354 0.802699 0.802699 0.802699
3460.831055 0.000000 549.907166 0.000000 0.121989 0.000000 -0.992531 0.827773 0.827773 0.827773
3460.939453 0.000000 536.201477 0.000000 0.481985 0.000000 0.876179 0.771207 0.771207 0.771207
3458.340820 0.000000 541.417175 0.000000 0.678981 0.000000 0.734155 0.769374 0.769374 0.769374
3463.744873 0.000000 546.058350 0.000000 0.346371 0.000000 0.938098 0.775206 0.775206 0.775206
3455.612305 0.000000 550.676208 0.000000 0.828448 0.000000 -0.560066 0.813179 0.813179 0.813179
3459.995117 0.000000 544.892090 0.000000 0.175990 0.000000 -0.984392 0.847605 0.847605 0.847605
3455.653076 0.000000 542.950439 0.000000 0.926471 0.000000 -0.376367 0.818959 0.818959 0.818959
3455.950928 0.000000 579.152466 0.000000 0.980191 0.000000 -0.198055 0.800956 0.800956 0.800956
"}
