object={
	name="tree_leaf_high_generator_2_0"
	render_pass=Map
	clamp_to_water_level=no
	generated_content=yes
	layer="tree_high_layer"
	pdxmesh="tree_leaf_01_b_mesh"
	count=63
	transform="3358.292725 0.000000 560.542114 0.000000 0.916601 0.000000 0.399804 0.397125 0.397125 0.397125
3334.418457 0.000000 526.778564 0.000000 0.649092 0.000000 0.760710 0.390936 0.390936 0.390936
3350.603027 0.000000 552.414246 0.000000 0.360571 0.000000 0.932732 0.377195 0.377195 0.377195
3343.052734 0.000000 565.993652 0.000000 0.904700 0.000000 -0.426049 0.443512 0.443512 0.443512
3340.079834 0.000000 520.742493 0.000000 0.680474 0.000000 -0.732773 0.424638 0.424638 0.424638
3344.604980 0.000000 561.457642 0.000000 0.276998 0.000000 -0.960871 0.438006 0.438006 0.438006
3341.621582 0.000000 555.256287 0.000000 0.255346 0.000000 0.966850 0.351501 0.351501 0.351501
3360.185547 0.000000 535.755554 0.000000 0.926367 0.000000 0.376622 0.388817 0.388817 0.388817
3352.423584 0.000000 545.546143 0.000000 0.783854 0.000000 0.620945 0.379929 0.379929 0.379929
3341.636719 0.000000 536.437866 0.000000 0.568244 0.000000 0.822860 0.369600 0.369600 0.369600
3355.887939 0.000000 549.206360 0.000000 0.637458 0.000000 -0.770485 0.434696 0.434696 0.434696
3357.986572 0.000000 543.195435 0.000000 0.193439 0.000000 -0.981112 0.447411 0.447411 0.447411
3344.635498 0.000000 532.112427 0.000000 0.400372 0.000000 0.916353 0.354866 0.354866 0.354866
3367.902832 0.000000 557.987915 0.000000 0.626381 0.000000 -0.779517 0.435706 0.435706 0.435706
3355.324463 0.000000 533.294189 0.000000 0.575027 0.000000 -0.818135 0.433968 0.433968 0.433968
3353.119873 0.000000 551.356140 0.000000 0.774623 0.000000 -0.632423 0.434870 0.434870 0.434870
3365.032227 0.000000 566.653503 0.000000 0.500303 0.000000 0.865850 0.356093 0.356093 0.356093
3354.544678 0.000000 536.121887 0.000000 0.212308 0.000000 0.977203 0.330896 0.330896 0.330896
3364.055664 0.000000 551.621399 0.000000 0.013553 0.000000 -0.999908 0.479310 0.479310 0.479310
3355.868652 0.000000 566.895203 0.000000 0.233489 0.000000 -0.972360 0.467998 0.467998 0.467998
3344.925781 0.000000 522.164490 0.000000 0.280899 0.000000 -0.959737 0.465499 0.465499 0.465499
3356.770508 0.000000 558.178528 0.000000 0.997133 0.000000 0.075669 0.396143 0.396143 0.396143
3346.792236 0.000000 527.628235 0.000000 0.120076 0.000000 -0.992765 0.473870 0.473870 0.473870
3370.905029 0.000000 572.362549 0.000000 0.970877 0.000000 -0.239580 0.411234 0.411234 0.411234
3353.406006 0.000000 574.974976 0.000000 0.999377 0.000000 0.035288 0.398202 0.398202 0.398202
3361.144287 0.000000 561.455322 0.000000 0.651024 0.000000 0.759057 0.362130 0.362130 0.362130
3358.711182 0.000000 533.337158 0.000000 0.278290 0.000000 0.960497 0.334363 0.334363 0.334363
3343.809814 0.000000 571.503723 0.000000 0.584160 0.000000 -0.811639 0.454375 0.454375 0.454375
3355.770752 0.000000 555.876160 0.000000 0.999998 0.000000 -0.001898 0.400097 0.400097 0.400097
3373.493652 0.000000 572.381897 0.000000 0.654311 0.000000 0.756226 0.356327 0.356327 0.356327
3343.258301 0.000000 563.575806 0.000000 0.405127 0.000000 -0.914260 0.462213 0.462213 0.462213
3350.716553 0.000000 528.663696 0.000000 0.947864 0.000000 0.318677 0.383482 0.383482 0.383482
3357.109619 0.000000 553.797607 0.000000 0.960573 0.000000 -0.278029 0.414349 0.414349 0.414349
3369.239014 0.000000 552.939148 0.000000 0.972432 0.000000 0.233185 0.388014 0.388014 0.388014
3369.518311 0.000000 575.806152 0.000000 0.507523 0.000000 0.861638 0.347110 0.347110 0.347110
3344.031738 0.000000 554.782349 0.000000 0.994814 0.000000 0.101714 0.394811 0.394811 0.394811
3366.556641 0.000000 571.593506 0.000000 0.360872 0.000000 0.932615 0.338803 0.338803 0.338803
3363.046875 0.000000 575.121155 0.000000 0.442663 0.000000 0.896688 0.343355 0.343355 0.343355
3358.592285 0.000000 545.424622 0.000000 0.971711 0.000000 -0.236173 0.412143 0.412143 0.412143
3346.197021 0.000000 571.270996 0.000000 0.978836 0.000000 0.204648 0.385696 0.385696 0.385696
3368.597656 0.000000 565.187744 0.000000 0.962583 0.000000 0.270986 0.386024 0.386024 0.386024
3367.083008 0.000000 553.659912 0.000000 0.993357 0.000000 -0.115069 0.405873 0.405873 0.405873
3351.681885 0.000000 566.169617 0.000000 0.954043 0.000000 0.299671 0.380853 0.380853 0.380853
3342.798584 0.000000 569.557617 0.000000 0.861285 0.000000 -0.508123 0.436993 0.436993 0.436993
3351.883301 0.000000 585.782959 0.000000 0.975184 0.000000 0.221395 0.395876 0.395876 0.395876
3366.468018 0.000000 584.719666 0.000000 0.308948 0.000000 -0.951079 0.429492 0.429492 0.429492
3375.063965 0.000000 587.634216 0.000000 0.585556 0.000000 0.810632 0.361771 0.361771 0.361771
3371.833252 0.000000 591.394531 0.000000 0.989906 0.000000 0.141725 0.392758 0.392758 0.392758
3374.683105 0.000000 590.494080 0.000000 0.099547 0.000000 -0.995033 0.474922 0.474922 0.474922
3367.023926 0.000000 575.913208 0.000000 0.673945 0.000000 -0.738781 0.439430 0.439430 0.439430
3362.411621 0.000000 589.856689 0.000000 0.014596 0.000000 -0.999893 0.479257 0.479257 0.479257
3371.536621 0.000000 578.569641 0.000000 0.310224 0.000000 -0.950664 0.463935 0.463935 0.463935
3369.856689 0.000000 589.578979 0.000000 0.467186 0.000000 0.884159 0.344757 0.344757 0.344757
3350.654541 0.000000 578.574402 0.000000 0.021114 0.000000 0.999777 0.321075 0.321075 0.321075
3356.561768 0.000000 585.962891 0.000000 0.637110 0.000000 -0.770773 0.444821 0.444821 0.444821
3354.990234 0.000000 575.980347 0.000000 0.511224 0.000000 -0.859448 0.445958 0.445958 0.445958
3358.305420 0.000000 589.680603 0.000000 0.091927 0.000000 0.995766 0.336502 0.336502 0.336502
3367.567383 0.000000 590.345459 0.000000 0.509804 0.000000 -0.860291 0.447066 0.447066 0.447066
3377.742188 0.000000 583.788940 0.000000 0.455271 0.000000 0.890353 0.344073 0.344073 0.344073
3348.799561 0.000000 581.726746 0.000000 0.204114 0.000000 0.978947 0.330469 0.330469 0.330469
3375.296387 0.000000 579.764465 0.000000 0.897062 0.000000 -0.441904 0.423311 0.423311 0.423311
3360.898438 0.000000 587.938477 0.000000 0.966530 0.000000 0.256552 0.386786 0.386786 0.386786
3370.785645 0.000000 580.769165 0.000000 0.092625 0.000000 -0.995701 0.475276 0.475276 0.475276
"}
