object={
	name="tree_leaf_high_generator_1_0"
	render_pass=Map
	clamp_to_water_level=no
	generated_content=yes
	layer="tree_high_layer"
	pdxmesh="tree_leaf_01_a_mesh"
	count=790
	transform="3327.190918 0.000000 494.741058 0.000000 0.946584 0.000000 -0.322457 0.967214 0.967214 0.967214
3325.912109 0.000000 488.035797 0.000000 0.741058 0.000000 -0.671441 1.174919 1.174919 1.174919
3324.493408 0.000000 496.214233 0.000000 0.905841 0.000000 -0.423618 1.022784 1.022784 1.022784
3323.042480 0.000000 486.511322 0.000000 0.784184 0.000000 0.620528 0.459069 0.459069 0.459069
3327.221436 0.000000 491.600342 0.000000 0.299248 0.000000 -0.954176 1.445223 1.445223 1.445223
3322.017822 0.000000 489.776642 0.000000 0.312323 0.000000 -0.949976 1.438228 1.438228 1.438228
3318.746094 0.000000 493.918427 0.000000 0.995750 0.000000 0.092100 0.786369 0.786369 0.786369
3323.328125 0.000000 494.080658 0.000000 0.039408 0.000000 0.999223 0.020076 0.020076 0.020076
3314.698486 0.000000 478.430145 0.000000 0.835793 0.000000 0.549045 0.709455 0.709455 0.709455
3320.744629 0.000000 485.152191 0.000000 0.869511 0.000000 -0.493914 1.063095 1.063095 1.063095
3327.501709 0.000000 484.248749 0.000000 0.225528 0.000000 -0.974237 1.484143 1.484143 1.484143
3320.304932 0.000000 497.738861 0.000000 0.812936 0.000000 0.582353 0.708127 0.708127 0.708127
3326.708740 0.000000 501.721344 0.000000 0.072246 0.000000 -0.997387 1.563173 1.563173 1.563173
3314.260742 0.000000 482.713348 0.000000 0.465450 0.000000 -0.885074 0.999668 0.999668 0.999668
3326.688232 0.000000 496.897064 0.000000 0.052632 0.000000 -0.998614 1.573183 1.573183 1.573183
3325.479004 0.000000 493.363220 0.000000 0.285624 0.000000 -0.958342 1.452479 1.452479 1.452479
3324.400146 0.000000 489.567078 0.000000 0.725899 0.000000 0.687801 0.413722 0.413722 0.413722
3321.281006 0.000000 493.420135 0.000000 0.017558 0.000000 0.999846 0.102008 0.102008 0.102008
3326.087402 0.000000 485.911774 0.000000 0.246040 0.000000 0.969260 0.126607 0.126607 0.126607
3326.916992 0.000000 482.155151 0.000000 0.056840 0.000000 -0.998383 1.571036 1.571036 1.571036
3316.027832 0.000000 479.846954 0.000000 0.785568 0.000000 -0.618776 0.939915 0.939915 0.939915
3317.615234 0.000000 476.186005 0.000000 0.999839 0.000000 -0.017926 0.803330 0.803330 0.803330
3322.086670 0.000000 491.625763 0.000000 0.637409 0.000000 -0.770526 1.248010 1.248010 1.248010
3319.006104 0.000000 486.190063 0.000000 0.367350 0.000000 -0.930083 1.408424 1.408424 1.408424
3326.209961 0.000000 490.092010 0.000000 0.994042 0.000000 -0.108999 0.855623 0.855623 0.855623
3320.275146 0.000000 489.393402 0.000000 0.724801 0.000000 0.688958 0.412909 0.412909 0.412909
3323.197021 0.000000 484.656189 0.000000 0.247290 0.000000 -0.968942 1.472736 1.472736 1.472736
3322.608154 0.000000 496.741913 0.000000 0.984889 0.000000 -0.173187 0.864663 0.864663 0.864663
3322.004395 0.000000 488.002502 0.000000 0.814782 0.000000 -0.579767 1.114970 1.114970 1.114970
3317.628906 0.000000 483.112549 0.000000 0.787031 0.000000 0.616913 0.599503 0.599503 0.599503
3324.320557 0.000000 497.899872 0.000000 0.581011 0.000000 0.813895 0.315749 0.315749 0.315749
3324.122314 0.000000 487.909332 0.000000 0.760889 0.000000 0.648883 0.440379 0.440379 0.440379
3324.163574 0.000000 499.669586 0.000000 0.980966 0.000000 -0.194177 0.899526 0.899526 0.899526
3318.657959 0.000000 488.026337 0.000000 0.952088 0.000000 -0.305825 0.890630 0.890630 0.890630
3332.505371 0.000000 501.311432 0.000000 0.535617 0.000000 0.844461 0.287873 0.287873 0.287873
3331.851318 0.000000 495.251709 0.000000 0.005741 0.000000 0.999984 0.002924 0.002924 0.002924
3341.577637 0.000000 497.550110 0.000000 0.844705 0.000000 -0.535233 1.087642 1.087642 1.087642
3327.627930 0.000000 486.691803 0.000000 0.347907 0.000000 0.937529 0.180972 0.180972 0.180972
3339.652344 0.000000 493.544617 0.000000 0.281236 0.000000 -0.959639 1.454809 1.454809 1.454809
3350.077148 0.000000 510.598053 0.000000 0.683331 0.000000 -0.730109 0.853945 0.853945 0.853945
3327.801514 0.000000 494.325928 0.000000 0.949653 0.000000 0.313305 0.637702 0.637702 0.637702
3332.862549 0.000000 489.564819 0.000000 0.995553 0.000000 0.094203 0.751951 0.751951 0.751951
3336.499756 0.000000 506.537354 0.000000 0.904530 0.000000 -0.426410 1.008519 1.008519 1.008519
3335.176758 0.000000 494.539001 0.000000 0.445805 0.000000 0.895130 0.235332 0.235332 0.235332
3334.846924 0.000000 509.187256 0.000000 0.822676 0.000000 -0.568510 1.074152 1.074152 1.074152
3379.961182 0.000000 505.706390 0.000000 0.430455 0.000000 -0.902612 0.894437 0.894437 0.894437
3333.002686 0.000000 498.183960 0.000000 0.721370 0.000000 -0.692550 1.189620 1.189620 1.189620
3330.056152 0.000000 484.587524 0.000000 0.023176 0.000000 0.999731 0.011805 0.011805 0.011805
3344.604980 0.000000 497.473267 0.000000 0.532541 0.000000 0.846404 0.286020 0.286020 0.286020
3341.621582 0.000000 491.271942 0.000000 0.954528 0.000000 0.298121 0.645824 0.645824 0.645824
3330.402100 0.000000 487.832855 0.000000 0.644684 0.000000 0.764449 0.356818 0.356818 0.356818
3338.739746 0.000000 496.390717 0.000000 0.890282 0.000000 0.455410 0.559188 0.559188 0.559188
3372.220947 0.000000 503.158783 0.000000 0.999890 0.000000 0.014862 0.798605 0.798605 0.798605
3346.827881 0.000000 493.455109 0.000000 0.861151 0.000000 0.508349 0.531605 0.531605 0.531605
3332.278320 0.000000 492.411560 0.000000 0.936263 0.000000 0.351299 0.617184 0.617184 0.617184
3329.228271 0.000000 501.610229 0.000000 0.955007 0.000000 0.296583 0.646644 0.646644 0.646644
3367.902832 0.000000 494.003540 0.000000 0.912620 0.000000 -0.408810 0.845421 0.845421 0.845421
3341.293457 0.000000 510.754730 0.000000 0.829330 0.000000 0.558759 0.498044 0.498044 0.498044
3334.119873 0.000000 503.770844 0.000000 0.959071 0.000000 0.283167 0.653784 0.653784 0.653784
3335.134766 0.000000 500.499023 0.000000 0.867496 0.000000 -0.497444 1.065165 1.065165 1.065165
3333.339111 0.000000 483.271271 0.000000 0.157977 0.000000 -0.987443 0.935380 0.935380 0.935380
3329.543945 0.000000 507.051270 0.000000 0.051687 0.000000 -0.998663 0.972937 0.972937 0.972937
3331.439697 0.000000 503.772766 0.000000 0.868176 0.000000 0.496256 0.535532 0.535532 0.535532
3341.882324 0.000000 494.932251 0.000000 0.994884 0.000000 -0.101019 0.851537 0.851537 0.851537
3329.559814 0.000000 496.788391 0.000000 0.809898 0.000000 -0.586571 1.119236 1.119236 1.119236
3338.477295 0.000000 504.962738 0.000000 0.934051 0.000000 -0.357139 0.937856 0.937856 0.937856
3327.802734 0.000000 489.164368 0.000000 0.250276 0.000000 -0.968175 1.471166 1.471166 1.471166
3330.560547 0.000000 499.127472 0.000000 0.251684 0.000000 -0.967810 1.470425 1.470425 1.470425
3337.850342 0.000000 499.684906 0.000000 0.996431 0.000000 0.084412 0.756958 0.756958 0.756958
3387.391846 0.000000 511.056030 0.000000 0.487445 0.000000 -0.873154 0.948424 0.948424 0.948424
3343.258301 0.000000 499.591400 0.000000 0.665438 0.000000 0.746453 0.394372 0.394372 0.394372
3348.777832 0.000000 490.246918 0.000000 0.596926 0.000000 -0.802297 0.952495 0.952495 0.952495
3330.085938 0.000000 493.357574 0.000000 0.940977 0.000000 0.338470 0.624145 0.624145 0.624145
3345.539551 0.000000 502.839783 0.000000 0.811579 0.000000 -0.584243 0.909663 0.909663 0.909663
3337.186035 0.000000 493.289795 0.000000 0.245164 0.000000 -0.969482 1.473853 1.473853 1.473853
3344.031738 0.000000 490.797974 0.000000 0.614530 0.000000 -0.788894 1.250245 1.250245 1.250245
3338.830322 0.000000 507.440704 0.000000 0.724232 0.000000 -0.689556 1.141921 1.141921 1.141921
3345.218018 0.000000 495.199951 0.000000 0.199754 0.000000 -0.979846 1.497577 1.497577 1.497577
3346.197021 0.000000 507.286621 0.000000 0.986136 0.000000 -0.165938 0.821642 0.821642 0.821642
3368.597656 0.000000 501.203369 0.000000 0.967831 0.000000 -0.251603 0.841654 0.841654 0.841654
3336.172607 0.000000 510.989014 0.000000 0.153060 0.000000 0.988217 0.078261 0.078261 0.078261
3339.165527 0.000000 502.820312 0.000000 0.967382 0.000000 0.253321 0.702812 0.702812 0.702812
3338.565918 0.000000 491.565338 0.000000 0.999946 0.000000 -0.010370 0.805281 0.805281 0.805281
3370.764160 0.000000 501.506470 0.000000 0.288681 0.000000 -0.957425 1.004189 1.004189 1.004189
3339.619873 0.000000 498.456940 0.000000 0.776209 0.000000 -0.630476 1.147424 1.147424 1.147424
3352.545898 0.000000 496.583282 0.000000 0.894125 0.000000 0.447818 0.718392 0.718392 0.718392
3351.881836 0.000000 493.276062 0.000000 0.916532 0.000000 -0.399962 0.924916 0.924916 0.924916
3349.405762 0.000000 497.205170 0.000000 0.826529 0.000000 -0.562894 1.004194 1.004194 1.004194
3327.702393 0.000000 491.884369 0.000000 0.602591 0.000000 0.798050 0.329384 0.329384 0.329384
3342.798584 0.000000 505.573273 0.000000 0.471719 0.000000 0.881749 0.560669 0.560669 0.560669
3333.894775 0.000000 496.269897 0.000000 0.896463 0.000000 0.443119 0.566195 0.566195 0.566195
3390.265137 0.000000 508.369873 0.000000 0.479732 0.000000 0.877415 0.586206 0.586206 0.586206
3348.752686 0.000000 494.441437 0.000000 0.702437 0.000000 0.711746 0.482063 0.482063 0.482063
3337.091553 0.000000 489.633606 0.000000 0.999966 0.000000 0.008252 0.796457 0.796457 0.796457
3347.628906 0.000000 501.039215 0.000000 0.725999 0.000000 -0.687695 0.954482 0.954482 0.954482
3327.630371 0.000000 484.537445 0.000000 0.996896 0.000000 0.078727 0.759863 0.759863 0.759863
3388.988770 0.000000 503.419556 0.000000 0.900368 0.000000 0.435128 0.701097 0.701097 0.701097
3336.837891 0.000000 495.693268 0.000000 0.476094 0.000000 -0.879395 1.347284 1.347284 1.347284
3385.990967 0.000000 508.392059 0.000000 0.773170 0.000000 -0.634199 0.913880 0.913880 0.913880
3353.684082 0.000000 492.078644 0.000000 0.188185 0.000000 0.982134 0.485457 0.485457 0.485457
3346.559814 0.000000 498.257751 0.000000 0.737264 0.000000 0.675605 0.551104 0.551104 0.551104
3334.314941 0.000000 492.710510 0.000000 0.514337 0.000000 0.857588 0.275139 0.275139 0.275139
3333.927246 0.000000 487.743530 0.000000 0.650781 0.000000 0.759266 0.360893 0.360893 0.360893
3332.927734 0.000000 508.418365 0.000000 0.352101 0.000000 0.935962 0.367067 0.367067 0.367067
3335.917236 0.000000 504.627289 0.000000 0.980722 0.000000 -0.195410 0.893095 0.893095 0.893095
3335.087158 0.000000 489.557770 0.000000 0.990213 0.000000 -0.139562 0.871311 0.871311 0.871311
3385.190674 0.000000 504.623566 0.000000 0.361179 0.000000 -0.932496 1.068712 1.068712 1.068712
3343.125488 0.000000 511.864685 0.000000 0.993105 0.000000 -0.117224 0.859839 0.859839 0.859839
3331.223145 0.000000 505.810364 0.000000 0.999731 0.000000 -0.023198 0.810009 0.810009 0.810009
3341.055908 0.000000 488.958008 0.000000 0.938115 0.000000 0.346325 0.645315 0.645315 0.645315
3339.881592 0.000000 509.437561 0.000000 0.046114 0.000000 0.998936 0.023494 0.023494 0.023494
3366.137207 0.000000 498.401642 0.000000 0.963517 0.000000 -0.267648 0.854115 0.854115 0.854115
3345.561035 0.000000 492.020233 0.000000 0.758515 0.000000 0.651655 0.438520 0.438520 0.438520
3340.108887 0.000000 506.031158 0.000000 0.308714 0.000000 -0.951155 1.284515 1.284515 1.284515
3345.872559 0.000000 488.444336 0.000000 0.779228 0.000000 -0.626740 0.924463 0.924463 0.924463
3343.802490 0.000000 503.726898 0.000000 0.454266 0.000000 0.890866 0.538740 0.538740 0.538740
3363.224609 0.000000 495.025635 0.000000 0.152962 0.000000 0.988232 0.471656 0.471656 0.471656
3341.362793 0.000000 499.402924 0.000000 0.171736 0.000000 0.985143 0.087900 0.087900 0.087900
3343.495605 0.000000 495.966553 0.000000 0.977269 0.000000 -0.212002 0.908798 0.908798 0.908798
3337.037842 0.000000 486.178162 0.000000 0.112997 0.000000 0.993595 0.453580 0.453580 0.453580
3331.347412 0.000000 497.229431 0.000000 0.753070 0.000000 -0.657940 1.165715 1.165715 1.165715
3347.661377 0.000000 491.703156 0.000000 0.499029 0.000000 -0.866585 1.227123 1.227123 1.227123
3365.289551 0.000000 495.586029 0.000000 0.029596 0.000000 0.999562 0.439858 0.439858 0.439858
3368.053955 0.000000 499.155243 0.000000 0.312687 0.000000 -0.949856 1.065222 1.065222 1.065222
3340.981689 0.000000 502.463745 0.000000 0.550514 0.000000 0.834826 0.500119 0.500119 0.500119
3331.406250 0.000000 490.666687 0.000000 0.066859 0.000000 0.997762 0.034076 0.034076 0.034076
3336.527100 0.000000 508.397614 0.000000 0.991128 0.000000 0.132910 0.732109 0.732109 0.732109
3345.374756 0.000000 508.933350 0.000000 0.787251 0.000000 -0.616632 1.008352 1.008352 1.008352
3371.741943 0.000000 499.263733 0.000000 0.725304 0.000000 0.688429 0.642279 0.642279 0.642279
3333.341553 0.000000 494.220917 0.000000 0.833468 0.000000 0.552568 0.501837 0.501837 0.501837
3334.819580 0.000000 507.200989 0.000000 0.972443 0.000000 0.233141 0.691439 0.691439 0.691439
3342.323242 0.000000 509.339203 0.000000 0.499086 0.000000 0.866552 0.358248 0.358248 0.358248
3331.885254 0.000000 484.378326 0.000000 0.934460 0.000000 -0.356067 0.985412 0.985412 0.985412
3330.914551 0.000000 502.078857 0.000000 0.910775 0.000000 -0.412904 1.016777 1.016777 1.016777
3329.324219 0.000000 486.196350 0.000000 0.599683 0.000000 0.800238 0.327531 0.327531 0.327531
3333.978027 0.000000 490.929016 0.000000 0.957430 0.000000 0.288665 0.650862 0.650862 0.650862
3338.136719 0.000000 501.430115 0.000000 0.684716 0.000000 -0.728810 1.183264 1.183264 1.183264
3329.774658 0.000000 495.049347 0.000000 0.909781 0.000000 -0.415088 1.017999 1.017999 1.017999
3334.648926 0.000000 498.790466 0.000000 0.898609 0.000000 0.438750 0.568674 0.568674 0.568674
3340.279053 0.000000 495.575287 0.000000 0.002108 0.000000 -0.999998 1.598927 1.598927 1.598927
3332.161621 0.000000 487.626678 0.000000 0.035471 0.000000 0.999371 0.018069 0.018069 0.018069
3339.037354 0.000000 510.911133 0.000000 0.504745 0.000000 0.863269 0.269461 0.269461 0.269461
3342.387939 0.000000 492.849030 0.000000 0.996946 0.000000 0.078090 0.760189 0.760189 0.760189
3337.908203 0.000000 497.947113 0.000000 0.200124 0.000000 0.979771 0.102615 0.102615 0.102615
3331.047607 0.000000 486.021393 0.000000 0.948126 0.000000 0.317896 0.635238 0.635238 0.635238
3334.672607 0.000000 502.159393 0.000000 0.481284 0.000000 -0.876565 1.344273 1.344273 1.344273
3338.347168 0.000000 494.752533 0.000000 0.994098 0.000000 -0.108482 0.855358 0.855358 0.855358
3327.632324 0.000000 501.166901 0.000000 0.360436 0.000000 0.932784 0.187795 0.187795 0.187795
3327.932373 0.000000 497.108032 0.000000 0.044402 0.000000 0.999014 0.022621 0.022621 0.022621
3327.909912 0.000000 502.811005 0.000000 0.277066 0.000000 -0.960851 1.137528 1.137528 1.137528
3332.767090 0.000000 504.808075 0.000000 0.480692 0.000000 -0.876889 1.312580 1.312580 1.312580
3345.191895 0.000000 511.157471 0.000000 0.183142 0.000000 -0.983087 1.367727 1.367727 1.367727
3334.545410 0.000000 486.207489 0.000000 0.815143 0.000000 0.579259 0.596401 0.596401 0.596401
3329.684326 0.000000 489.287445 0.000000 0.200391 0.000000 0.979716 0.102754 0.102754 0.102754
3341.709229 0.000000 500.986542 0.000000 0.943992 0.000000 -0.329968 0.939024 0.939024 0.939024
3393.342285 0.000000 510.951904 0.000000 0.800308 0.000000 0.599589 0.715243 0.715243 0.715243
3391.587646 0.000000 506.279541 0.000000 0.729446 0.000000 0.684039 0.633002 0.633002 0.633002
3407.117676 0.000000 511.864685 0.000000 0.507338 0.000000 0.861747 0.530310 0.530310 0.530310
3409.184082 0.000000 511.157471 0.000000 0.957155 0.000000 -0.289577 0.874518 0.874518 0.874518
3349.096436 0.000000 538.139099 0.000000 0.297816 0.000000 -0.954623 1.445987 1.445987 1.445987
3353.000977 0.000000 548.605652 0.000000 0.900887 0.000000 -0.434054 1.028667 1.028667 1.028667
3342.333496 0.000000 523.040100 0.000000 0.730167 0.000000 -0.683268 1.183107 1.183107 1.183107
3347.469727 0.000000 533.353821 0.000000 0.238223 0.000000 0.971210 0.122504 0.122504 0.122504
3372.227539 0.000000 524.533508 0.000000 0.097158 0.000000 0.995269 0.752914 0.752914 0.752914
3339.697266 0.000000 517.481323 0.000000 0.230506 0.000000 0.973071 0.118461 0.118461 0.118461
3353.783203 0.000000 539.714355 0.000000 0.983928 0.000000 -0.178565 0.890716 0.890716 0.890716
3355.162598 0.000000 544.125305 0.000000 0.562181 0.000000 0.827014 0.304060 0.304060 0.304060
3353.847168 0.000000 558.260437 0.000000 0.767941 0.000000 -0.640521 1.154051 1.154051 1.154051
3347.367676 0.000000 560.212891 0.000000 0.512484 0.000000 0.858697 0.280227 0.280227 0.280227
3360.680176 0.000000 544.134399 0.000000 0.967356 0.000000 0.253421 0.675140 0.675140 0.675140
3345.968750 0.000000 525.183167 0.000000 0.813337 0.000000 0.581793 0.483762 0.483762 0.483762
3363.607666 0.000000 549.015747 0.000000 0.670541 0.000000 -0.741873 1.225700 1.225700 1.225700
3369.007812 0.000000 546.308044 0.000000 0.114796 0.000000 0.993389 0.058595 0.058595 0.058595
3347.142334 0.000000 546.002075 0.000000 0.162474 0.000000 0.986713 0.083116 0.083116 0.083116
3349.364502 0.000000 566.221130 0.000000 0.195446 0.000000 0.980714 0.100185 0.100185 0.100185
3350.603027 0.000000 552.414246 0.000000 0.360571 0.000000 0.932732 0.187869 0.187869 0.187869
3344.970459 0.000000 569.191162 0.000000 0.768291 0.000000 0.640100 0.457327 0.457327 0.457327
3346.346191 0.000000 554.233643 0.000000 0.093880 0.000000 -0.995583 1.531470 1.531470 1.531470
3343.635986 0.000000 519.430908 0.000000 0.641653 0.000000 -0.766995 1.245198 1.245198 1.245198
3357.689453 0.000000 551.447571 0.000000 0.516859 0.000000 0.856071 0.276638 0.276638 0.276638
3348.374268 0.000000 529.718506 0.000000 0.406610 0.000000 -0.913602 1.386737 1.386737 1.386737
3375.225586 0.000000 567.411438 0.000000 0.599860 0.000000 0.800105 0.379510 0.379510 0.379510
3344.202393 0.000000 534.895203 0.000000 0.998833 0.000000 0.048302 0.775390 0.775390 0.775390
3361.338867 0.000000 558.828003 0.000000 0.634879 0.000000 -0.772612 1.182669 1.182669 1.182669
3369.951172 0.000000 563.399658 0.000000 0.338171 0.000000 -0.941085 1.424307 1.424307 1.424307
3333.481689 0.000000 519.770386 0.000000 0.384973 0.000000 0.922928 0.710776 0.710776 0.710776
3342.749756 0.000000 526.504333 0.000000 0.660167 0.000000 0.751119 0.367223 0.367223 0.367223
3349.812256 0.000000 548.143188 0.000000 0.794832 0.000000 -0.606830 1.132095 1.132095 1.132095
3359.797363 0.000000 575.624268 0.000000 0.722638 0.000000 -0.691227 1.156678 1.156678 1.156678
3354.539795 0.000000 561.376282 0.000000 0.247210 0.000000 -0.968962 1.472778 1.472778 1.472778
3368.835938 0.000000 570.807373 0.000000 0.395672 0.000000 0.918392 0.304822 0.304822 0.304822
3363.745850 0.000000 560.849243 0.000000 0.895640 0.000000 -0.444780 1.000687 1.000687 1.000687
3342.001465 0.000000 513.442993 0.000000 0.835248 0.000000 0.549873 0.503482 0.503482 0.503482
3362.791992 0.000000 519.761353 0.000000 0.583885 0.000000 -0.811836 0.870003 0.870003 0.870003
3340.079834 0.000000 520.742493 0.000000 0.680474 0.000000 -0.732773 1.218839 1.218839 1.218839
3350.581787 0.000000 531.912598 0.000000 0.017579 0.000000 0.999846 0.008953 0.008953 0.008953
3341.621582 0.000000 555.256287 0.000000 0.255346 0.000000 0.966850 0.661057 0.661057 0.661057
3348.382568 0.000000 563.043091 0.000000 0.028138 0.000000 -0.999604 1.585668 1.585668 1.585668
3375.473633 0.000000 570.500305 0.000000 0.994586 0.000000 -0.103920 0.844913 0.844913 0.844913
3341.511963 0.000000 529.459778 0.000000 0.791151 0.000000 -0.611621 1.064194 1.064194 1.064194
3386.741211 0.000000 562.601318 0.000000 0.332459 0.000000 -0.943118 1.309297 1.309297 1.309297
3360.185547 0.000000 535.755554 0.000000 0.926367 0.000000 0.376622 0.643441 0.643441 0.643441
3348.971436 0.000000 523.500610 0.000000 0.037300 0.000000 0.999304 0.153762 0.153762 0.153762
3346.334473 0.000000 517.917969 0.000000 0.271605 0.000000 0.962409 0.279834 0.279834 0.279834
3337.255615 0.000000 515.855591 0.000000 0.887278 0.000000 -0.461235 1.033618 1.033618 1.033618
3352.423584 0.000000 545.546143 0.000000 0.783854 0.000000 0.620945 0.458798 0.458798 0.458798
3350.908447 0.000000 540.409851 0.000000 0.304846 0.000000 0.952402 0.157768 0.157768 0.157768
3346.431152 0.000000 536.765869 0.000000 0.870367 0.000000 -0.492403 1.062210 1.062210 1.062210
3367.024414 0.000000 548.431885 0.000000 0.158924 0.000000 -0.987291 1.518716 1.518716 1.518716
3349.839111 0.000000 535.076721 0.000000 0.688705 0.000000 0.725042 0.386912 0.386912 0.386912
3353.397705 0.000000 526.408630 0.000000 0.868829 0.000000 -0.495112 1.012072 1.012072 1.012072
3353.261963 0.000000 564.566223 0.000000 0.997527 0.000000 0.070286 0.764174 0.764174 0.764174
3355.887939 0.000000 549.206360 0.000000 0.637458 0.000000 -0.770485 1.247978 1.247978 1.247978
3336.734863 0.000000 524.966980 0.000000 0.139277 0.000000 -0.990254 0.945767 0.945767 0.945767
3350.715820 0.000000 568.950195 0.000000 0.874753 0.000000 0.484569 0.542362 0.542362 0.542362
3372.220947 0.000000 567.143188 0.000000 0.906317 0.000000 -0.422598 1.003040 1.003040 1.003040
3357.986572 0.000000 543.195435 0.000000 0.193439 0.000000 -0.981112 1.478870 1.478870 1.478870
3361.641602 0.000000 546.893616 0.000000 0.466188 0.000000 0.884686 0.377115 0.377115 0.377115
3351.979004 0.000000 554.884338 0.000000 0.302428 0.000000 -0.953172 1.413241 1.413241 1.413241
3346.827881 0.000000 557.439453 0.000000 0.713950 0.000000 0.700197 0.404953 0.404953 0.404953
3373.440186 0.000000 532.433594 0.000000 0.920430 0.000000 -0.390907 0.836096 0.836096 0.836096
3383.119385 0.000000 544.280457 0.000000 0.242551 0.000000 -0.970139 0.940341 0.940341 0.940341
3344.635498 0.000000 532.112427 0.000000 0.400372 0.000000 0.916353 0.235251 0.235251 0.235251
3367.902832 0.000000 557.987915 0.000000 0.626381 0.000000 -0.779517 1.199912 1.199912 1.199912
3338.990479 0.000000 530.670410 0.000000 0.943867 0.000000 0.330325 0.769071 0.769071 0.769071
3353.119873 0.000000 551.356140 0.000000 0.774623 0.000000 -0.632423 1.148703 1.148703 1.148703
3388.816895 0.000000 569.664124 0.000000 0.932484 0.000000 -0.361211 0.955742 0.955742 0.955742
3347.718506 0.000000 568.340759 0.000000 0.561843 0.000000 -0.827244 1.296148 1.296148 1.296148
3355.940430 0.000000 541.403687 0.000000 0.973774 0.000000 0.227517 0.709233 0.709233 0.709233
3388.472412 0.000000 565.337097 0.000000 0.999731 0.000000 -0.023176 0.809305 0.809305 0.809305
3365.032227 0.000000 566.653503 0.000000 0.500303 0.000000 0.865850 0.411111 0.411111 0.411111
3353.104492 0.000000 542.343933 0.000000 0.655497 0.000000 0.755198 0.364065 0.364065 0.364065
3364.055664 0.000000 551.621399 0.000000 0.013553 0.000000 -0.999908 1.580656 1.580656 1.580656
3355.868652 0.000000 566.895203 0.000000 0.233489 0.000000 -0.972360 1.479977 1.479977 1.479977
3341.882324 0.000000 558.916626 0.000000 0.160559 0.000000 0.987026 0.628274 0.628274 0.628274
3344.925781 0.000000 522.164490 0.000000 0.280899 0.000000 -0.959737 1.454988 1.454988 1.454988
3356.770508 0.000000 558.178528 0.000000 0.997133 0.000000 0.075669 0.763392 0.763392 0.763392
3346.792236 0.000000 527.628235 0.000000 0.120076 0.000000 -0.992765 1.538698 1.538698 1.538698
3370.905029 0.000000 572.362549 0.000000 0.970877 0.000000 -0.239580 0.901472 0.901472 0.901472
3353.406006 0.000000 574.974976 0.000000 0.999377 0.000000 0.035288 0.786042 0.786042 0.786042
3372.951904 0.000000 535.145020 0.000000 0.948755 0.000000 -0.316014 0.843667 0.843667 0.843667
3376.213623 0.000000 553.891663 0.000000 0.505392 0.000000 0.862890 0.425772 0.425772 0.425772
3355.903809 0.000000 546.590942 0.000000 0.670842 0.000000 -0.741600 1.225492 1.225492 1.225492
3361.144287 0.000000 561.455322 0.000000 0.651024 0.000000 0.759057 0.424746 0.424746 0.424746
3358.711182 0.000000 533.337158 0.000000 0.278290 0.000000 0.960497 0.308365 0.308365 0.308365
3377.418945 0.000000 568.814514 0.000000 0.227175 0.000000 0.973854 0.248015 0.248015 0.248015
3342.141846 0.000000 517.136536 0.000000 0.569513 0.000000 -0.821982 1.291411 1.291411 1.291411
3362.806396 0.000000 534.890808 0.000000 0.942133 0.000000 0.335239 0.664811 0.664811 0.664811
3380.837646 0.000000 555.728271 0.000000 0.971753 0.000000 0.235999 0.701502 0.701502 0.701502
3355.770752 0.000000 555.876160 0.000000 0.999998 0.000000 -0.001898 0.800967 0.800967 0.800967
3349.638672 0.000000 545.607788 0.000000 0.984016 0.000000 0.178080 0.708818 0.708818 0.708818
3341.162598 0.000000 550.826294 0.000000 0.778561 0.000000 -0.627569 0.875879 0.875879 0.875879
3352.044922 0.000000 524.345032 0.000000 0.528466 0.000000 -0.848954 1.168588 1.168588 1.168588
3345.783203 0.000000 548.076599 0.000000 0.699455 0.000000 0.714676 0.432681 0.432681 0.432681
3371.190918 0.000000 542.522827 0.000000 0.986676 0.000000 0.162699 0.738637 0.738637 0.738637
3382.738281 0.000000 557.902771 0.000000 0.831593 0.000000 0.555386 0.551858 0.551858 0.551858
3387.320312 0.000000 558.065002 0.000000 0.837668 0.000000 0.546180 0.585356 0.585356 0.585356
3373.493652 0.000000 572.381897 0.000000 0.654311 0.000000 0.756226 0.442049 0.442049 0.442049
3339.873291 0.000000 514.916748 0.000000 0.998002 0.000000 0.063185 0.767799 0.767799 0.767799
3346.906494 0.000000 539.318420 0.000000 0.075317 0.000000 -0.997160 1.427204 1.427204 1.427204
3360.389893 0.000000 538.549683 0.000000 0.216693 0.000000 0.976240 0.311118 0.311118 0.311118
3350.716553 0.000000 528.663696 0.000000 0.947864 0.000000 0.318677 0.634819 0.634819 0.634819
3348.092285 0.000000 543.584900 0.000000 0.798494 0.000000 0.602003 0.517440 0.517440 0.517440
3332.126953 0.000000 515.658203 0.000000 0.965271 0.000000 -0.261252 0.835370 0.835370 0.835370
3348.777832 0.000000 554.231262 0.000000 0.844378 0.000000 -0.535748 1.030362 1.030362 1.030362
3384.454590 0.000000 566.735291 0.000000 0.897052 0.000000 0.441924 0.613499 0.613499 0.613499
3361.151855 0.000000 521.685364 0.000000 0.542987 0.000000 -0.839741 0.969223 0.969223 0.969223
3384.736816 0.000000 549.136597 0.000000 0.747961 0.000000 -0.663743 0.897124 0.897124 0.897124
3373.664307 0.000000 552.762024 0.000000 0.718325 0.000000 0.695708 0.521860 0.521860 0.521860
3391.225830 0.000000 570.393555 0.000000 0.795346 0.000000 -0.606156 1.054925 1.054925 1.054925
3364.347900 0.000000 563.266785 0.000000 0.842438 0.000000 0.538794 0.587486 0.587486 0.587486
3357.109619 0.000000 553.797607 0.000000 0.960573 0.000000 -0.278029 0.943490 0.943490 0.943490
3366.522461 0.000000 556.058350 0.000000 0.395715 0.000000 0.918373 0.279270 0.279270 0.279270
3367.567383 0.000000 526.361084 0.000000 0.949672 0.000000 -0.313247 0.848362 0.848362 0.848362
3381.777344 0.000000 564.221741 0.000000 0.999702 0.000000 -0.024417 0.808681 0.808681 0.808681
3345.539551 0.000000 566.824158 0.000000 0.516762 0.000000 0.856129 0.276580 0.276580 0.276580
3369.518311 0.000000 575.806152 0.000000 0.507523 0.000000 0.861638 0.389326 0.389326 0.389326
3346.001221 0.000000 514.036926 0.000000 0.535604 0.000000 -0.844469 1.185607 1.185607 1.185607
3344.031738 0.000000 554.782349 0.000000 0.994814 0.000000 0.101714 0.752178 0.752178 0.752178
3366.556641 0.000000 571.593506 0.000000 0.360872 0.000000 0.932615 0.336825 0.336825 0.336825
3363.046875 0.000000 575.121155 0.000000 0.442663 0.000000 0.896688 0.364608 0.364608 0.364608
3345.218018 0.000000 559.184326 0.000000 0.992436 0.000000 0.122764 0.750346 0.750346 0.750346
3384.297119 0.000000 561.723206 0.000000 0.773849 0.000000 -0.633370 1.060282 1.060282 1.060282
3372.234863 0.000000 540.283508 0.000000 0.202904 0.000000 0.979199 0.336041 0.336041 0.336041
3350.982178 0.000000 550.169312 0.000000 0.957836 0.000000 0.287314 0.651580 0.651580 0.651580
3354.089844 0.000000 569.978027 0.000000 0.999822 0.000000 0.018871 0.791029 0.791029 0.791029
3359.529541 0.000000 531.137695 0.000000 0.743892 0.000000 -0.668299 1.058742 1.058742 1.058742
3348.783447 0.000000 541.276123 0.000000 0.570671 0.000000 0.821178 0.357414 0.357414 0.357414
3358.592285 0.000000 545.424622 0.000000 0.971711 0.000000 -0.236173 0.921429 0.921429 0.921429
3346.197021 0.000000 571.270996 0.000000 0.978836 0.000000 0.204648 0.695032 0.695032 0.695032
3359.078857 0.000000 558.368530 0.000000 0.249466 0.000000 0.968383 0.246924 0.246924 0.246924
3368.597656 0.000000 565.187744 0.000000 0.962583 0.000000 0.270986 0.676682 0.676682 0.676682
3358.038574 0.000000 562.792419 0.000000 0.866725 0.000000 -0.498786 0.976259 0.976259 0.976259
3341.400879 0.000000 543.393860 0.000000 0.604056 0.000000 -0.796942 0.927090 0.927090 0.927090
3390.700928 0.000000 565.705688 0.000000 0.985571 0.000000 0.169260 0.742593 0.742593 0.742593
3359.403809 0.000000 554.096619 0.000000 0.559436 0.000000 -0.828874 1.237133 1.237133 1.237133
3373.182373 0.000000 550.564636 0.000000 0.906691 0.000000 -0.421796 0.960015 0.960015 0.960015
3367.083008 0.000000 553.659912 0.000000 0.993357 0.000000 -0.115069 0.858734 0.858734 0.858734
3358.447754 0.000000 537.432434 0.000000 0.406556 0.000000 -0.913626 1.214189 1.214189 1.214189
3346.713623 0.000000 531.222351 0.000000 0.924708 0.000000 -0.380676 0.994994 0.994994 0.994994
3375.402344 0.000000 557.850281 0.000000 0.981623 0.000000 0.190833 0.733656 0.733656 0.733656
3348.126709 0.000000 552.143921 0.000000 0.477859 0.000000 -0.878437 1.243435 1.243435 1.243435
3361.083984 0.000000 565.843811 0.000000 0.963997 0.000000 -0.265913 0.886009 0.886009 0.886009
3378.069580 0.000000 538.057007 0.000000 0.674807 0.000000 0.737994 0.659079 0.659079 0.659079
3353.313721 0.000000 532.114014 0.000000 0.584824 0.000000 -0.811160 1.117462 1.117462 1.117462
3370.764160 0.000000 565.490845 0.000000 0.415837 0.000000 -0.909439 1.288073 1.288073 1.288073
3375.287842 0.000000 565.106201 0.000000 0.932920 0.000000 0.360083 0.638882 0.638882 0.638882
3348.144531 0.000000 525.541870 0.000000 0.986569 0.000000 0.163343 0.716436 0.716436 0.716436
3350.570557 0.000000 571.977600 0.000000 0.067796 0.000000 -0.997699 1.322304 1.322304 1.322304
3351.681885 0.000000 566.169617 0.000000 0.954043 0.000000 0.299671 0.644997 0.644997 0.644997
3369.793945 0.000000 544.262512 0.000000 0.114309 0.000000 0.993445 0.227035 0.227035 0.227035
3367.126465 0.000000 545.176392 0.000000 0.565880 0.000000 0.824488 0.410881 0.410881 0.410881
3365.101074 0.000000 547.370667 0.000000 0.613716 0.000000 0.789527 0.336522 0.336522 0.336522
3370.547119 0.000000 569.243958 0.000000 0.936187 0.000000 0.351502 0.635008 0.635008 0.635008
3367.136230 0.000000 567.730103 0.000000 0.185600 0.000000 -0.982625 1.258891 1.258891 1.258891
3388.392334 0.000000 553.551453 0.000000 0.640573 0.000000 -0.767897 0.959130 0.959130 0.959130
3355.359131 0.000000 551.337158 0.000000 0.253172 0.000000 0.967421 0.130358 0.130358 0.130358
3352.545898 0.000000 560.567627 0.000000 0.837551 0.000000 0.546359 0.505622 0.505622 0.505622
3351.881836 0.000000 557.260437 0.000000 0.488312 0.000000 0.872669 0.359382 0.359382 0.359382
3386.351807 0.000000 564.795654 0.000000 0.121002 0.000000 -0.992652 1.413738 1.413738 1.413738
3368.774170 0.000000 561.459412 0.000000 0.509192 0.000000 0.860653 0.398374 0.398374 0.398374
3378.872070 0.000000 564.220459 0.000000 0.483278 0.000000 -0.875467 1.208933 1.208933 1.208933
3358.376709 0.000000 569.928406 0.000000 0.979220 0.000000 -0.202803 0.904008 0.904008 0.904008
3371.039062 0.000000 547.051819 0.000000 0.781094 0.000000 0.624414 0.534661 0.534661 0.534661
3350.486084 0.000000 564.332886 0.000000 0.346895 0.000000 -0.937904 1.419578 1.419578 1.419578
3365.666016 0.000000 550.037781 0.000000 0.591165 0.000000 -0.806550 1.270373 1.270373 1.270373
3344.963135 0.000000 546.139587 0.000000 0.467783 0.000000 -0.883844 1.352085 1.352085 1.352085
3385.273193 0.000000 557.404541 0.000000 0.965230 0.000000 -0.261400 0.904058 0.904058 0.904058
3349.405762 0.000000 561.189575 0.000000 0.993327 0.000000 -0.115331 0.858869 0.858869 0.858869
3390.265137 0.000000 572.354248 0.000000 0.661146 0.000000 -0.750258 1.088075 1.088075 1.088075
3348.752686 0.000000 558.425781 0.000000 0.825149 0.000000 -0.564915 1.070975 1.070975 1.070975
3363.138672 0.000000 539.534546 0.000000 0.944178 0.000000 0.329436 0.681994 0.681994 0.681994
3343.982422 0.000000 524.403137 0.000000 0.205291 0.000000 -0.978701 1.494697 1.494697 1.494697
3346.807861 0.000000 523.158447 0.000000 0.357404 0.000000 0.933950 0.186141 0.186141 0.186141
3342.714355 0.000000 531.223633 0.000000 0.684164 0.000000 -0.729328 1.186884 1.186884 1.186884
3347.628906 0.000000 565.023560 0.000000 0.350719 0.000000 -0.936481 1.386019 1.386019 1.386019
3344.899658 0.000000 540.344604 0.000000 0.283604 0.000000 -0.958941 1.212635 1.212635 1.212635
3342.098633 0.000000 540.513794 0.000000 0.276255 0.000000 0.961084 0.586006 0.586006 0.586006
3358.050293 0.000000 518.576721 0.000000 0.943975 0.000000 0.330018 0.736187 0.736187 0.736187
3360.351074 0.000000 556.704346 0.000000 0.715965 0.000000 0.698136 0.477420 0.477420 0.477420
3359.823730 0.000000 542.225220 0.000000 0.990461 0.000000 -0.137797 0.849144 0.849144 0.849144
3341.452881 0.000000 524.906799 0.000000 0.456713 0.000000 -0.889614 1.358442 1.358442 1.358442
3344.828613 0.000000 526.921448 0.000000 0.931337 0.000000 0.364160 0.610170 0.610170 0.610170
3363.260742 0.000000 565.588440 0.000000 0.866826 0.000000 -0.498610 1.027275 1.027275 1.027275
3378.223145 0.000000 558.079956 0.000000 0.986520 0.000000 0.163639 0.737294 0.737294 0.737294
3362.512939 0.000000 545.046021 0.000000 0.111246 0.000000 0.993793 0.182103 0.182103 0.182103
3341.611816 0.000000 519.087524 0.000000 0.824641 0.000000 0.565656 0.493797 0.493797 0.493797
3374.902100 0.000000 549.487122 0.000000 0.692649 0.000000 -0.721275 1.102503 1.102503 1.102503
3388.988770 0.000000 567.403931 0.000000 0.999727 0.000000 0.023371 0.790337 0.790337 0.790337
3385.990967 0.000000 572.376465 0.000000 0.066506 0.000000 -0.997786 1.235628 1.235628 1.235628
3353.684082 0.000000 556.062988 0.000000 0.906447 0.000000 0.422319 0.577946 0.577946 0.577946
3377.218018 0.000000 549.413574 0.000000 0.142671 0.000000 0.989770 0.329530 0.329530 0.329530
3346.559814 0.000000 562.242126 0.000000 0.234195 0.000000 0.972190 0.184356 0.184356 0.184356
3364.342773 0.000000 533.523315 0.000000 0.877657 0.000000 -0.479289 0.972708 0.972708 0.972708
3374.302246 0.000000 546.925354 0.000000 0.998390 0.000000 0.056726 0.778349 0.778349 0.778349
3356.375000 0.000000 525.129272 0.000000 0.999799 0.000000 -0.020063 0.806091 0.806091 0.806091
3342.358887 0.000000 520.944275 0.000000 0.545875 0.000000 0.837867 0.294084 0.294084 0.294084
3365.962646 0.000000 527.567383 0.000000 0.987820 0.000000 -0.155603 0.833389 0.833389 0.833389
3342.718506 0.000000 546.848450 0.000000 0.998119 0.000000 0.061308 0.788483 0.788483 0.788483
3378.842529 0.000000 555.487427 0.000000 0.870992 0.000000 0.491297 0.594852 0.594852 0.594852
3338.757080 0.000000 519.273315 0.000000 0.871355 0.000000 -0.490652 1.020216 1.020216 1.020216
3347.012695 0.000000 512.346191 0.000000 0.294233 0.000000 0.955734 0.370609 0.370609 0.370609
3373.976807 0.000000 575.532471 0.000000 0.502715 0.000000 0.864452 0.399635 0.399635 0.399635
3351.836670 0.000000 573.692993 0.000000 0.861029 0.000000 -0.508556 0.958766 0.958766 0.958766
3342.287598 0.000000 534.467896 0.000000 0.084738 0.000000 -0.996403 1.509306 1.509306 1.509306
3356.234619 0.000000 560.189270 0.000000 0.161534 0.000000 -0.986867 1.261367 1.261367 1.261367
3357.067627 0.000000 568.468811 0.000000 0.399449 0.000000 0.916756 0.237076 0.237076 0.237076
3353.910645 0.000000 546.851624 0.000000 0.550526 0.000000 -0.834818 1.303083 1.303083 1.303083
3385.190674 0.000000 568.607910 0.000000 0.163121 0.000000 0.986606 0.263290 0.263290 0.263290
3360.130859 0.000000 563.163635 0.000000 0.121146 0.000000 -0.992635 1.332625 1.332625 1.332625
3370.888184 0.000000 561.671387 0.000000 0.915271 0.000000 -0.402838 0.923385 0.923385 0.923385
3348.596436 0.000000 531.737244 0.000000 0.987935 0.000000 -0.154868 0.879192 0.879192 0.879192
3362.351807 0.000000 550.589600 0.000000 0.759732 0.000000 0.650236 0.450783 0.450783 0.450783
3348.831787 0.000000 527.583679 0.000000 0.329637 0.000000 0.944108 0.171082 0.171082 0.171082
3345.484375 0.000000 520.049011 0.000000 0.930951 0.000000 -0.365145 0.990369 0.990369 0.990369
3374.184326 0.000000 569.045227 0.000000 0.016094 0.000000 -0.999870 1.511070 1.511070 1.511070
3376.849121 0.000000 566.374817 0.000000 0.995081 0.000000 -0.099067 0.840628 0.840628 0.840628
3354.161133 0.000000 528.192993 0.000000 0.884979 0.000000 -0.465630 0.952842 0.952842 0.952842
3380.020020 0.000000 543.831299 0.000000 0.782592 0.000000 -0.622535 0.918105 0.918105 0.918105
3358.632080 0.000000 549.596313 0.000000 0.759300 0.000000 0.650740 0.504231 0.504231 0.504231
3366.137207 0.000000 562.385986 0.000000 0.954903 0.000000 0.296918 0.698246 0.698246 0.698246
3356.152832 0.000000 562.379211 0.000000 0.640247 0.000000 0.768169 0.471088 0.471088 0.471088
3344.102539 0.000000 513.713989 0.000000 0.181318 0.000000 0.983424 0.137228 0.137228 0.137228
3381.595459 0.000000 568.553528 0.000000 0.568765 0.000000 0.822500 0.497160 0.497160 0.497160
3345.561035 0.000000 556.004578 0.000000 0.059807 0.000000 0.998210 0.102903 0.102903 0.102903
3355.073242 0.000000 531.334167 0.000000 0.555467 0.000000 -0.831539 1.123570 1.123570 1.123570
3359.572021 0.000000 551.781433 0.000000 0.871566 0.000000 -0.490278 1.042546 1.042546 1.042546
3377.209961 0.000000 574.236267 0.000000 0.800427 0.000000 0.599430 0.634389 0.634389 0.634389
3362.999023 0.000000 553.561584 0.000000 0.946924 0.000000 -0.321458 0.915039 0.915039 0.915039
3348.808105 0.000000 572.870850 0.000000 0.984098 0.000000 0.177626 0.725103 0.725103 0.725103
3340.108887 0.000000 570.015564 0.000000 0.398098 0.000000 -0.917343 1.027311 1.027311 1.027311
3347.821533 0.000000 535.218750 0.000000 0.793949 0.000000 -0.607985 1.132835 1.132835 1.132835
3347.775146 0.000000 547.837463 0.000000 0.944729 0.000000 -0.327853 0.970120 0.970120 0.970120
3345.872559 0.000000 552.428711 0.000000 0.964774 0.000000 -0.263081 0.923353 0.923353 0.923353
3344.491455 0.000000 517.468445 0.000000 0.185846 0.000000 -0.982579 1.485449 1.485449 1.485449
3343.802490 0.000000 567.711304 0.000000 0.211048 0.000000 -0.977476 1.141781 1.141781 1.141781
3381.876953 0.000000 570.947449 0.000000 0.467114 0.000000 -0.884197 1.111983 1.111983 1.111983
3363.224609 0.000000 559.010010 0.000000 0.977671 0.000000 0.210143 0.724731 0.724731 0.724731
3362.043945 0.000000 527.936096 0.000000 0.582375 0.000000 -0.812920 1.048334 1.048334 1.048334
3357.646484 0.000000 566.166016 0.000000 0.695200 0.000000 0.718817 0.391494 0.391494 0.391494
3362.502197 0.000000 569.505066 0.000000 0.636586 0.000000 -0.771205 1.246794 1.246794 1.246794
3375.318115 0.000000 555.564270 0.000000 0.555695 0.000000 0.831386 0.451034 0.451034 0.451034
3349.036621 0.000000 521.580444 0.000000 0.977256 0.000000 0.212063 0.714217 0.714217 0.714217
3369.915039 0.000000 573.958191 0.000000 0.885087 0.000000 -0.465426 1.001114 1.001114 1.001114
3377.229004 0.000000 561.535706 0.000000 0.244001 0.000000 0.969775 0.429706 0.429706 0.429706
3337.467529 0.000000 513.879395 0.000000 0.948428 0.000000 -0.316993 0.964277 0.964277 0.964277
3369.292969 0.000000 550.936279 0.000000 0.998435 0.000000 0.055916 0.779888 0.779888 0.779888
3382.541992 0.000000 562.516296 0.000000 0.930539 0.000000 -0.366194 0.934783 0.934783 0.934783
3340.815430 0.000000 511.969513 0.000000 0.478420 0.000000 -0.878131 1.345935 1.345935 1.345935
3360.753906 0.000000 568.317749 0.000000 0.559696 0.000000 -0.828698 1.264304 1.264304 1.264304
3365.811768 0.000000 552.196777 0.000000 0.905442 0.000000 -0.424471 0.999624 0.999624 0.999624
3346.016357 0.000000 534.565063 0.000000 0.997573 0.000000 -0.069633 0.835492 0.835492 0.835492
3380.361816 0.000000 565.422913 0.000000 0.644748 0.000000 0.764395 0.490671 0.490671 0.490671
3386.078857 0.000000 555.610107 0.000000 0.096129 0.000000 -0.995369 1.224075 1.224075 1.224075
3353.058350 0.000000 562.652161 0.000000 0.932459 0.000000 -0.361276 0.988254 0.988254 0.988254
3380.309814 0.000000 560.602417 0.000000 0.635099 0.000000 0.772431 0.491496 0.491496 0.491496
3377.774170 0.000000 552.859497 0.000000 0.756746 0.000000 -0.653709 1.056137 1.056137 1.056137
3373.796875 0.000000 566.203613 0.000000 0.335814 0.000000 0.941928 0.228390 0.228390 0.228390
3352.810059 0.000000 553.155884 0.000000 0.991161 0.000000 -0.132661 0.867763 0.867763 0.867763
3347.661377 0.000000 555.687500 0.000000 0.957024 0.000000 -0.290009 0.945739 0.945739 0.945739
3364.462646 0.000000 555.995483 0.000000 0.160479 0.000000 0.987039 0.298868 0.298868 0.298868
3351.557129 0.000000 547.408508 0.000000 0.361074 0.000000 0.932537 0.188144 0.188144 0.188144
3365.289551 0.000000 559.570374 0.000000 0.944905 0.000000 -0.327345 0.874599 0.874599 0.874599
3346.054199 0.000000 515.986511 0.000000 0.919551 0.000000 0.392970 0.645132 0.645132 0.645132
3349.003174 0.000000 550.486633 0.000000 0.997511 0.000000 -0.070509 0.835940 0.835940 0.835940
3342.376221 0.000000 515.289978 0.000000 0.984011 0.000000 0.178110 0.708803 0.708803 0.708803
3368.053955 0.000000 563.139648 0.000000 0.571421 0.000000 0.820657 0.309772 0.309772 0.309772
3340.981689 0.000000 566.448120 0.000000 0.155186 0.000000 0.987885 0.520221 0.520221 0.520221
3352.166748 0.000000 570.178467 0.000000 0.901875 0.000000 0.431996 0.682233 0.682233 0.682233
3382.998291 0.000000 550.174438 0.000000 0.934466 0.000000 0.356052 0.712024 0.712024 0.712024
3360.160400 0.000000 547.991394 0.000000 0.991072 0.000000 -0.133331 0.852083 0.852083 0.852083
3353.757812 0.000000 537.919983 0.000000 0.235546 0.000000 -0.971863 1.276561 1.276561 1.276561
3352.939941 0.000000 517.420349 0.000000 0.840040 0.000000 0.542525 0.679744 0.679744 0.679744
3345.374756 0.000000 572.917725 0.000000 0.860254 0.000000 0.509865 0.681388 0.681388 0.681388
3383.352539 0.000000 574.604065 0.000000 0.894684 0.000000 0.446700 0.698264 0.698264 0.698264
3356.835205 0.000000 545.022827 0.000000 0.422309 0.000000 -0.906452 1.377952 1.377952 1.377952
3343.087891 0.000000 528.444946 0.000000 0.999570 0.000000 0.029311 0.785245 0.785245 0.785245
3379.916016 0.000000 567.857117 0.000000 0.386365 0.000000 0.922346 0.375559 0.375559 0.375559
3376.050781 0.000000 572.274902 0.000000 0.767294 0.000000 -0.641296 1.021082 1.021082 1.021082
3352.343018 0.000000 527.871338 0.000000 0.959359 0.000000 0.282189 0.682871 0.682871 0.682871
3371.741943 0.000000 563.248108 0.000000 0.056480 0.000000 0.998404 0.028781 0.028781 0.028781
3347.703613 0.000000 519.153564 0.000000 0.187168 0.000000 -0.982328 1.382617 1.382617 1.382617
3368.427734 0.000000 569.058350 0.000000 0.169495 0.000000 0.985531 0.223799 0.223799 0.223799
3344.521973 0.000000 536.670532 0.000000 0.998842 0.000000 0.048107 0.779911 0.779911 0.779911
3378.276855 0.000000 570.491089 0.000000 0.321332 0.000000 -0.946967 1.189970 1.189970 1.189970
3340.324951 0.000000 522.567932 0.000000 0.765945 0.000000 0.642906 0.444366 0.444366 0.444366
3373.932373 0.000000 559.838135 0.000000 0.997835 0.000000 0.065773 0.781990 0.781990 0.781990
3354.828369 0.000000 565.423950 0.000000 0.764752 0.000000 0.644324 0.443422 0.443422 0.443422
3341.250000 0.000000 527.480164 0.000000 0.790881 0.000000 -0.611970 1.073578 1.073578 1.073578
3361.263184 0.000000 554.502991 0.000000 0.400717 0.000000 -0.916202 1.262759 1.262759 1.262759
3349.283447 0.000000 533.382935 0.000000 0.144363 0.000000 -0.989525 1.526219 1.526219 1.526219
3384.267334 0.000000 553.377808 0.000000 0.372661 0.000000 0.927968 0.455689 0.455689 0.455689
3371.951660 0.000000 559.833008 0.000000 0.939296 0.000000 0.343107 0.718161 0.718161 0.718161
3368.115234 0.000000 543.678101 0.000000 0.994296 0.000000 0.106659 0.761583 0.761583 0.761583
3360.130615 0.000000 571.960205 0.000000 0.399477 0.000000 -0.916743 1.242451 1.242451 1.242451
3368.782227 0.000000 536.160034 0.000000 0.612397 0.000000 -0.790551 1.060388 1.060388 1.060388
3361.333008 0.000000 574.766968 0.000000 0.993341 0.000000 -0.115209 0.854886 0.854886 0.854886
3348.243896 0.000000 513.729797 0.000000 0.101618 0.000000 0.994824 0.480200 0.480200 0.480200
3354.292236 0.000000 549.943848 0.000000 0.884690 0.000000 -0.466179 1.046991 1.046991 1.046991
3386.600342 0.000000 560.726318 0.000000 0.798154 0.000000 -0.602454 1.035027 1.035027 1.035027
3352.147461 0.000000 539.003845 0.000000 0.983430 0.000000 0.181289 0.707885 0.707885 0.707885
3355.268555 0.000000 568.670349 0.000000 0.420453 0.000000 -0.907314 1.340394 1.340394 1.340394
3364.065918 0.000000 568.358643 0.000000 0.007267 0.000000 0.999974 0.144225 0.144225 0.144225
3350.366211 0.000000 536.832642 0.000000 0.827842 0.000000 -0.560962 1.103310 1.103310 1.103310
3363.620117 0.000000 546.487427 0.000000 0.802577 0.000000 -0.596549 1.112773 1.112773 1.112773
3349.991455 0.000000 530.296753 0.000000 0.093943 0.000000 0.995578 0.047916 0.047916 0.047916
3353.193359 0.000000 523.060791 0.000000 0.946027 0.000000 -0.324087 0.908106 0.908106 0.908106
3362.685059 0.000000 562.210938 0.000000 0.310993 0.000000 0.950412 0.238734 0.238734 0.238734
3351.667725 0.000000 520.016907 0.000000 0.662024 0.000000 0.749483 0.507246 0.507246 0.507246
3345.500488 0.000000 538.239014 0.000000 0.660090 0.000000 -0.751186 1.129290 1.129290 1.129290
3366.900635 0.000000 535.859436 0.000000 0.013192 0.000000 -0.999913 1.282191 1.282191 1.282191
3349.650635 0.000000 516.222046 0.000000 0.688252 0.000000 0.725472 0.548714 0.548714 0.548714
3350.717773 0.000000 523.193054 0.000000 0.985292 0.000000 0.170879 0.736894 0.736894 0.736894
3371.519043 0.000000 550.125427 0.000000 0.909580 0.000000 -0.415528 0.960046 0.960046 0.960046
3360.058105 0.000000 560.046143 0.000000 0.904692 0.000000 -0.426065 0.991636 0.991636 0.991636
3376.481934 0.000000 545.945740 0.000000 0.455430 0.000000 -0.890272 1.157435 1.157435 1.157435
3336.094727 0.000000 517.133545 0.000000 0.030887 0.000000 0.999523 0.203342 0.203342 0.203342
3354.713867 0.000000 563.382141 0.000000 0.997431 0.000000 0.071636 0.763485 0.763485 0.763485
3369.296875 0.000000 537.801575 0.000000 0.117509 0.000000 -0.993072 1.214989 1.214989 1.214989
3356.647949 0.000000 572.491943 0.000000 0.104408 0.000000 -0.994534 1.280249 1.280249 1.280249
3373.905029 0.000000 556.823242 0.000000 0.999963 0.000000 0.008646 0.797410 0.797410 0.797410
3359.947510 0.000000 573.773865 0.000000 0.579938 0.000000 -0.814660 1.140397 1.140397 1.140397
3373.322510 0.000000 543.957642 0.000000 0.995634 0.000000 0.093344 0.765647 0.765647 0.765647
3338.486572 0.000000 525.643738 0.000000 0.847981 0.000000 -0.530027 0.990788 0.990788 0.990788
3360.094727 0.000000 525.526062 0.000000 0.925765 0.000000 0.378100 0.700100 0.700100 0.700100
3351.019287 0.000000 533.571289 0.000000 0.705979 0.000000 -0.708233 1.200812 1.200812 1.200812
3361.872803 0.000000 548.764954 0.000000 0.997269 0.000000 0.073853 0.777116 0.777116 0.777116
3384.498779 0.000000 570.750366 0.000000 0.942707 0.000000 -0.333621 0.916847 0.916847 0.916847
3388.312744 0.000000 561.884277 0.000000 0.177558 0.000000 -0.984110 1.286629 1.286629 1.286629
3360.244385 0.000000 545.920898 0.000000 0.800423 0.000000 0.599435 0.486749 0.486749 0.486749
3337.948730 0.000000 517.395081 0.000000 0.174078 0.000000 0.984732 0.259167 0.259167 0.259167
3347.355469 0.000000 566.697815 0.000000 0.983270 0.000000 -0.182152 0.893290 0.893290 0.893290
3370.488037 0.000000 540.963806 0.000000 0.618898 0.000000 0.785471 0.480618 0.480618 0.480618
3356.993652 0.000000 533.551880 0.000000 0.513026 0.000000 -0.858373 1.160733 1.160733 1.160733
3371.280762 0.000000 538.021362 0.000000 0.260535 0.000000 0.965464 0.403154 0.403154 0.403154
3366.906738 0.000000 566.056274 0.000000 0.581449 0.000000 0.813583 0.484940 0.484940 0.484940
3368.421631 0.000000 559.810974 0.000000 0.428518 0.000000 -0.903533 1.252807 1.252807 1.252807
3375.797119 0.000000 575.712769 0.000000 0.835955 0.000000 0.548798 0.607399 0.607399 0.607399
3388.155762 0.000000 563.653931 0.000000 0.384122 0.000000 0.923282 0.362932 0.362932 0.362932
3364.777344 0.000000 529.892822 0.000000 0.071814 0.000000 -0.997418 1.192175 1.192175 1.192175
3340.761963 0.000000 530.997864 0.000000 0.430950 0.000000 0.902376 0.480870 0.480870 0.480870
3383.190430 0.000000 567.905884 0.000000 0.874605 0.000000 0.484835 0.611963 0.611963 0.611963
3356.809326 0.000000 539.853882 0.000000 0.497439 0.000000 0.867499 0.453928 0.453928 0.453928
3343.085693 0.000000 532.994873 0.000000 0.902630 0.000000 -0.430418 1.015950 1.015950 1.015950
3388.898193 0.000000 574.326904 0.000000 0.997583 0.000000 0.069479 0.779724 0.779724 0.779724
3369.088867 0.000000 572.450745 0.000000 0.647087 0.000000 0.762416 0.439810 0.439810 0.439810
3357.443359 0.000000 520.274475 0.000000 0.589578 0.000000 0.807711 0.555870 0.555870 0.555870
3352.229492 0.000000 543.867493 0.000000 0.173754 0.000000 -0.984789 1.511056 1.511056 1.511056
3357.724609 0.000000 574.343445 0.000000 0.890746 0.000000 0.454502 0.610593 0.610593 0.610593
3368.080322 0.000000 549.705261 0.000000 0.446074 0.000000 -0.894996 1.213978 1.213978 1.213978
3346.576904 0.000000 569.644531 0.000000 0.990446 0.000000 -0.137901 0.870457 0.870457 0.870457
3354.608643 0.000000 518.165833 0.000000 0.953466 0.000000 -0.301500 0.877072 0.877072 0.877072
3366.220703 0.000000 574.348083 0.000000 0.955295 0.000000 -0.295654 0.910299 0.910299 0.910299
3368.753662 0.000000 548.083191 0.000000 0.023315 0.000000 -0.999728 1.377958 1.377958 1.377958
3383.072510 0.000000 565.418213 0.000000 0.590803 0.000000 -0.806816 1.161854 1.161854 1.161854
3346.535400 0.000000 529.260315 0.000000 0.970953 0.000000 0.239271 0.676947 0.676947 0.676947
3357.661377 0.000000 541.551697 0.000000 0.591424 0.000000 -0.806361 1.122217 1.122217 1.122217
3351.551270 0.000000 535.596313 0.000000 0.994117 0.000000 -0.108307 0.855269 0.855269 0.855269
3369.872314 0.000000 558.077271 0.000000 0.295514 0.000000 -0.955338 1.310158 1.310158 1.310158
3360.139648 0.000000 534.097839 0.000000 0.996423 0.000000 0.084510 0.765696 0.765696 0.765696
3362.463135 0.000000 557.545959 0.000000 0.988463 0.000000 -0.151464 0.839478 0.839478 0.839478
3363.213623 0.000000 541.468201 0.000000 0.393158 0.000000 -0.919471 1.177499 1.177499 1.177499
3351.524658 0.000000 541.902222 0.000000 0.789008 0.000000 0.614384 0.463048 0.463048 0.463048
3366.653320 0.000000 546.858765 0.000000 0.930680 0.000000 -0.365836 0.990747 0.990747 0.990747
3355.027588 0.000000 526.213806 0.000000 0.664888 0.000000 0.746943 0.530468 0.530468 0.530468
3387.670898 0.000000 571.032166 0.000000 0.793918 0.000000 -0.608025 1.054540 1.054540 1.054540
3336.814209 0.000000 512.016663 0.000000 0.203905 0.000000 -0.978991 1.495419 1.495419 1.495419
3350.313477 0.000000 555.013489 0.000000 0.425977 0.000000 -0.904734 1.348788 1.348788 1.348788
3364.960205 0.000000 564.766602 0.000000 0.998188 0.000000 -0.060166 0.828016 0.828016 0.828016
3361.495117 0.000000 542.685669 0.000000 0.932051 0.000000 -0.362328 0.928848 0.928848 0.928848
3382.650146 0.000000 552.010742 0.000000 0.601679 0.000000 -0.798738 1.106741 1.106741 1.106741
3359.926514 0.000000 529.459290 0.000000 0.615325 0.000000 -0.788273 1.093785 1.093785 1.093785
3353.625244 0.000000 524.742737 0.000000 0.770681 0.000000 0.637222 0.548864 0.548864 0.548864
3364.789551 0.000000 543.359375 0.000000 0.569156 0.000000 -0.822230 1.114259 1.114259 1.114259
3372.710449 0.000000 546.603088 0.000000 0.999935 0.000000 -0.011369 0.804587 0.804587 0.804587
3366.459473 0.000000 534.263977 0.000000 0.503985 0.000000 0.863713 0.477243 0.477243 0.477243
3363.919922 0.000000 526.777344 0.000000 0.790716 0.000000 -0.612183 0.972372 0.972372 0.972372
3383.565918 0.000000 559.296021 0.000000 0.045655 0.000000 -0.998957 1.442714 1.442714 1.442714
3387.241699 0.000000 569.079163 0.000000 0.269818 0.000000 0.962911 0.260947 0.260947 0.260947
3354.362549 0.000000 541.247437 0.000000 0.330261 0.000000 0.943890 0.311925 0.311925 0.311925
3338.866211 0.000000 521.848755 0.000000 0.517436 0.000000 0.855722 0.451321 0.451321 0.451321
3425.253662 0.000000 552.743591 0.000000 0.487629 0.000000 -0.873051 0.829679 0.829679 0.829679
3406.325684 0.000000 523.040100 0.000000 0.858207 0.000000 -0.513304 0.815072 0.815072 0.815072
3421.156006 0.000000 535.508179 0.000000 0.290635 0.000000 -0.956834 0.848417 0.848417 0.848417
3426.019287 0.000000 563.869873 0.000000 0.920220 0.000000 0.391402 0.786346 0.786346 0.786346
3400.846924 0.000000 566.701538 0.000000 0.165122 0.000000 0.986273 0.729851 0.729851 0.729851
3437.006836 0.000000 537.745178 0.000000 0.417968 0.000000 -0.908462 0.852349 0.852349 0.852349
3453.896484 0.000000 552.020203 0.000000 0.891901 0.000000 -0.452230 0.828117 0.828117 0.828117
3436.127197 0.000000 574.640320 0.000000 0.166695 0.000000 0.986009 0.732734 0.732734 0.732734
3417.044434 0.000000 513.537537 0.000000 0.584243 0.000000 0.811579 0.748941 0.748941 0.748941
3408.962646 0.000000 569.191162 0.000000 0.086238 0.000000 0.996275 0.725880 0.725880 0.725880
3414.069336 0.000000 574.582458 0.000000 0.390839 0.000000 0.920459 0.743953 0.743953 0.743953
3399.669922 0.000000 513.212891 0.000000 0.903003 0.000000 0.429634 0.765409 0.765409 0.765409
3433.943359 0.000000 563.399658 0.000000 0.732178 0.000000 -0.681114 0.861356 0.861356 0.861356
3423.789551 0.000000 575.624268 0.000000 0.981061 0.000000 -0.193701 0.813237 0.813237 0.813237
3432.828125 0.000000 570.807373 0.000000 0.888080 0.000000 -0.459688 0.841021 0.841021 0.841021
3435.950684 0.000000 544.947388 0.000000 0.365484 0.000000 0.930818 0.706791 0.706791 0.706791
3425.594482 0.000000 541.042053 0.000000 0.715454 0.000000 0.698660 0.742838 0.742838 0.742838
3445.956055 0.000000 566.650024 0.000000 0.840593 0.000000 -0.541667 0.846874 0.846874 0.846874
3443.953369 0.000000 569.690796 0.000000 0.972456 0.000000 0.233088 0.780266 0.780266 0.780266
3411.059082 0.000000 573.720642 0.000000 0.802682 0.000000 -0.596407 0.849775 0.849775 0.849775
3446.816650 0.000000 535.656250 0.000000 0.333858 0.000000 -0.942623 0.888467 0.888467 0.888467
3428.919922 0.000000 573.304688 0.000000 0.589284 0.000000 0.807926 0.707946 0.707946 0.707946
3434.163330 0.000000 539.311279 0.000000 0.214552 0.000000 -0.976713 0.913626 0.913626 0.913626
3424.177734 0.000000 535.755554 0.000000 0.999945 0.000000 0.010512 0.798824 0.798824 0.798824
3412.963623 0.000000 523.500610 0.000000 0.768157 0.000000 0.640262 0.733388 0.733388 0.733388
3446.344971 0.000000 560.399780 0.000000 0.956877 0.000000 0.290495 0.773510 0.773510 0.773510
3451.026855 0.000000 550.495728 0.000000 0.752068 0.000000 -0.659085 0.860363 0.860363 0.860363
3401.247803 0.000000 515.855591 0.000000 0.388628 0.000000 -0.921395 0.902963 0.902963 0.902963
3431.016602 0.000000 548.431885 0.000000 0.427124 0.000000 -0.904193 0.899258 0.899258 0.899258
3417.389893 0.000000 526.408630 0.000000 0.899334 0.000000 0.437262 0.748480 0.748480 0.748480
3436.213135 0.000000 567.143188 0.000000 0.339146 0.000000 -0.940734 0.912525 0.912525 0.912525
3421.730469 0.000000 516.528992 0.000000 0.405459 0.000000 -0.914113 0.940510 0.940510 0.940510
3432.062012 0.000000 534.556458 0.000000 0.362263 0.000000 0.932076 0.660980 0.660980 0.660980
3447.111572 0.000000 544.280457 0.000000 0.389611 0.000000 -0.920979 0.944952 0.944952 0.944952
3431.895020 0.000000 557.987915 0.000000 0.918670 0.000000 -0.395025 0.853531 0.853531 0.853531
3450.207764 0.000000 547.068604 0.000000 0.436791 0.000000 0.899563 0.674871 0.674871 0.674871
3432.763672 0.000000 531.817078 0.000000 0.582720 0.000000 -0.812673 0.917479 0.917479 0.917479
3438.779297 0.000000 544.992188 0.000000 0.334562 0.000000 -0.942374 0.920340 0.920340 0.920340
3442.454590 0.000000 560.123840 0.000000 0.511465 0.000000 0.859304 0.659583 0.659583 0.659583
3454.077637 0.000000 538.931335 0.000000 0.984151 0.000000 -0.177335 0.826349 0.826349 0.826349
3414.646729 0.000000 514.590027 0.000000 0.731497 0.000000 0.681844 0.713088 0.713088 0.713088
3442.359375 0.000000 551.075073 0.000000 0.684098 0.000000 -0.729390 0.902854 0.902854 0.902854
3434.964111 0.000000 556.828613 0.000000 0.021573 0.000000 0.999767 0.561749 0.561749 0.561749
3391.794922 0.000000 553.148743 0.000000 0.801076 0.000000 0.598563 0.721820 0.721820 0.721820
3437.190674 0.000000 519.295654 0.000000 0.518781 0.000000 -0.854907 0.939258 0.939258 0.939258
3426.798584 0.000000 534.890808 0.000000 0.382205 0.000000 -0.924078 0.967132 0.967132 0.967132
3431.154541 0.000000 539.935913 0.000000 0.960969 0.000000 -0.276654 0.836390 0.836390 0.836390
3416.037109 0.000000 524.345032 0.000000 0.491507 0.000000 0.870874 0.637450 0.637450 0.637450
3428.977295 0.000000 538.413757 0.000000 0.276598 0.000000 -0.960986 0.975272 0.975272 0.975272
3403.865479 0.000000 514.916748 0.000000 0.781533 0.000000 -0.623864 0.900912 0.900912 0.900912
3437.656494 0.000000 552.762024 0.000000 0.243638 0.000000 -0.969866 1.024885 1.024885 1.024885
3430.514648 0.000000 556.058350 0.000000 0.971205 0.000000 -0.238244 0.831710 0.831710 0.831710
3433.231201 0.000000 552.939148 0.000000 0.980149 0.000000 0.198260 0.770104 0.770104 0.770104
3435.232666 0.000000 554.473145 0.000000 0.892896 0.000000 -0.450264 0.874627 0.874627 0.874627
3412.791748 0.000000 517.742371 0.000000 0.828010 0.000000 -0.560714 0.887975 0.887975 0.887975
3402.822510 0.000000 571.425049 0.000000 0.006305 0.000000 0.999980 0.600022 0.600022 0.600022
3400.164795 0.000000 574.973389 0.000000 0.861386 0.000000 0.507950 0.695715 0.695715 0.695715
3437.174561 0.000000 550.564636 0.000000 0.783881 0.000000 0.620911 0.694301 0.694301 0.694301
3451.671875 0.000000 540.584656 0.000000 0.873054 0.000000 0.487624 0.724718 0.724718 0.724718
3439.394531 0.000000 557.850281 0.000000 0.985359 0.000000 -0.170494 0.826006 0.826006 0.826006
3432.249512 0.000000 519.484192 0.000000 0.263423 0.000000 0.964680 0.549934 0.549934 0.549934
3391.694580 0.000000 555.868713 0.000000 0.765555 0.000000 -0.643370 0.918648 0.918648 0.918648
3422.042480 0.000000 518.576721 0.000000 0.231546 0.000000 -0.972824 1.093762 1.093762 1.093762
3454.815918 0.000000 543.471069 0.000000 0.871627 0.000000 0.490170 0.716101 0.716101 0.716101
3391.587646 0.000000 570.263916 0.000000 0.966947 0.000000 -0.254976 0.900927 0.900927 0.900927
3432.160156 0.000000 521.847046 0.000000 0.299116 0.000000 0.954217 0.503924 0.503924 0.503924
3426.991943 0.000000 517.574158 0.000000 0.272942 0.000000 -0.962030 1.035246 1.035246 1.035246
3420.367188 0.000000 525.129272 0.000000 0.832931 0.000000 -0.553376 0.939373 0.939373 0.939373
3429.954834 0.000000 527.567383 0.000000 0.291990 0.000000 0.956421 0.555636 0.555636 0.555636
3396.919922 0.000000 572.402710 0.000000 0.732729 0.000000 -0.680521 0.955467 0.955467 0.955467
3411.004883 0.000000 512.346191 0.000000 1.000000 0.000000 0.000646 0.799853 0.799853 0.799853
3395.215332 0.000000 569.794739 0.000000 0.972110 0.000000 0.234526 0.743263 0.743263 0.743263
3408.094727 0.000000 513.713989 0.000000 0.046573 0.000000 -0.998915 1.195746 1.195746 1.195746
3408.483643 0.000000 517.468445 0.000000 0.980699 0.000000 -0.195525 0.836160 0.836160 0.836160
3426.036133 0.000000 527.936096 0.000000 0.880419 0.000000 -0.474197 0.904594 0.904594 0.904594
3430.734375 0.000000 518.321716 0.000000 0.910103 0.000000 -0.414382 0.892161 0.892161 0.892161
3404.807617 0.000000 511.969513 0.000000 0.993416 0.000000 0.114565 0.773170 0.773170 0.773170
3424.752930 0.000000 519.690491 0.000000 0.999879 0.000000 -0.015534 0.803754 0.803754 0.803754
3395.388672 0.000000 575.295654 0.000000 0.607002 0.000000 0.794701 0.589033 0.589033 0.589033
3410.046387 0.000000 515.986511 0.000000 0.385740 0.000000 -0.922608 1.044018 1.044018 1.044018
3406.368408 0.000000 515.289978 0.000000 0.962369 0.000000 0.271746 0.736240 0.736240 0.736240
3429.150391 0.000000 519.520874 0.000000 0.507267 0.000000 -0.861789 1.036516 1.036516 1.036516
3427.661133 0.000000 524.695618 0.000000 0.415188 0.000000 -0.909736 1.098960 1.098960 1.098960
3395.266113 0.000000 571.478821 0.000000 0.343056 0.000000 0.939315 0.495264 0.495264 0.495264
3424.086914 0.000000 525.526062 0.000000 0.999729 0.000000 0.023285 0.793768 0.793768 0.793768
3421.435547 0.000000 520.274475 0.000000 0.124584 0.000000 0.992209 0.453466 0.453466 0.453466
3391.624512 0.000000 565.151306 0.000000 0.474946 0.000000 0.880015 0.436850 0.436850 0.436850
3391.924561 0.000000 561.092407 0.000000 0.999067 0.000000 0.043185 0.788698 0.788698 0.788698
3393.425049 0.000000 573.224854 0.000000 0.969473 0.000000 0.245197 0.729249 0.729249 0.729249
3391.902100 0.000000 566.795410 0.000000 0.120107 0.000000 0.992761 0.269887 0.269887 0.269887
3365.183350 0.000000 589.591675 0.000000 0.536736 0.000000 0.843750 0.705733 0.705733 0.705733
3360.169434 0.000000 577.664856 0.000000 0.777247 0.000000 -0.629195 1.097655 1.097655 1.097655
3357.738281 0.000000 580.513367 0.000000 0.664481 0.000000 0.747306 0.474667 0.474667 0.474667
3374.683105 0.000000 590.494080 0.000000 0.099547 0.000000 -0.995033 1.390559 1.390559 1.390559
3367.023926 0.000000 575.913208 0.000000 0.673945 0.000000 -0.738781 1.105481 1.105481 1.105481
3369.856689 0.000000 589.578979 0.000000 0.467186 0.000000 0.884159 0.665684 0.665684 0.665684
3350.654541 0.000000 578.574402 0.000000 0.021114 0.000000 0.999777 0.601915 0.601915 0.601915
3356.561768 0.000000 585.962891 0.000000 0.637110 0.000000 -0.770773 0.933583 0.933583 0.933583
3354.990234 0.000000 575.980347 0.000000 0.511224 0.000000 -0.859448 1.208973 1.208973 1.208973
3367.567383 0.000000 590.345459 0.000000 0.509804 0.000000 -0.860291 0.936542 0.936542 0.936542
3377.742188 0.000000 583.788940 0.000000 0.455271 0.000000 0.890353 0.613577 0.613577 0.613577
3388.121094 0.000000 594.501099 0.000000 0.613407 0.000000 -0.789767 0.943649 0.943649 0.943649
3354.156982 0.000000 585.470398 0.000000 0.159681 0.000000 0.987169 0.599996 0.599996 0.599996
3381.413086 0.000000 581.168274 0.000000 0.307615 0.000000 0.951511 0.551238 0.551238 0.551238
3352.603271 0.000000 579.644287 0.000000 0.569321 0.000000 -0.822115 1.158528 1.158528 1.158528
3377.781982 0.000000 596.689026 0.000000 0.999935 0.000000 0.011385 0.798317 0.798317 0.798317
3368.257324 0.000000 583.468567 0.000000 0.998030 0.000000 -0.062731 0.812412 0.812412 0.812412
3378.812988 0.000000 581.605286 0.000000 0.999407 0.000000 0.034442 0.793601 0.793601 0.793601
3364.332275 0.000000 585.209900 0.000000 0.249601 0.000000 -0.968349 1.250314 1.250314 1.250314
3355.124268 0.000000 578.336426 0.000000 0.118778 0.000000 -0.992921 1.330602 1.330602 1.330602
3358.410400 0.000000 575.931885 0.000000 0.363864 0.000000 -0.931452 1.360069 1.360069 1.360069
3358.050293 0.000000 582.561096 0.000000 0.989446 0.000000 -0.144902 0.850824 0.850824 0.850824
3359.959473 0.000000 579.712036 0.000000 0.998953 0.000000 0.045744 0.781721 0.781721 0.781721
3390.879883 0.000000 578.409790 0.000000 0.999841 0.000000 -0.017838 0.803634 0.803634 0.803634
3368.167969 0.000000 585.831421 0.000000 0.540325 0.000000 -0.841456 0.971758 0.971758 0.971758
3362.999756 0.000000 581.558533 0.000000 0.776603 0.000000 0.629990 0.614877 0.614877 0.614877
3388.614502 0.000000 590.389038 0.000000 0.495577 0.000000 0.868564 0.596136 0.596136 0.596136
3376.821533 0.000000 578.465332 0.000000 0.137122 0.000000 -0.990554 1.129190 1.129190 1.129190
3365.071045 0.000000 576.500122 0.000000 0.636743 0.000000 -0.771076 1.042691 1.042691 1.042691
3383.640381 0.000000 578.419983 0.000000 0.809706 0.000000 0.586835 0.669734 0.669734 0.669734
3384.095459 0.000000 598.048157 0.000000 0.854514 0.000000 -0.519429 0.936357 0.936357 0.936357
3373.458496 0.000000 578.868225 0.000000 0.978717 0.000000 0.205215 0.736017 0.736017 0.736017
3376.698486 0.000000 586.497253 0.000000 0.817199 0.000000 0.576356 0.584078 0.584078 0.584078
3380.409668 0.000000 586.787048 0.000000 0.956149 0.000000 0.292880 0.731136 0.731136 0.731136
3386.039062 0.000000 583.857910 0.000000 0.065934 0.000000 0.997824 0.424316 0.424316 0.424316
3366.627686 0.000000 580.101990 0.000000 0.846582 0.000000 0.532259 0.683418 0.683418 0.683418
3381.708740 0.000000 597.906250 0.000000 0.773122 0.000000 -0.634257 0.994852 0.994852 0.994852
3374.775391 0.000000 581.742981 0.000000 0.578569 0.000000 0.815633 0.573304 0.573304 0.573304
3356.205811 0.000000 581.652222 0.000000 0.844226 0.000000 0.535987 0.581950 0.581950 0.581950
3381.029053 0.000000 596.145813 0.000000 0.423070 0.000000 0.906097 0.478398 0.478398 0.478398
3378.703613 0.000000 590.649658 0.000000 0.784817 0.000000 -0.619728 0.977548 0.977548 0.977548
3360.760742 0.000000 583.674866 0.000000 0.591114 0.000000 -0.806588 1.112979 1.112979 1.112979
3363.895020 0.000000 578.244934 0.000000 0.310874 0.000000 0.950451 0.516833 0.516833 0.516833
3352.939941 0.000000 581.404724 0.000000 0.008383 0.000000 0.999965 0.484828 0.484828 0.484828
3388.940430 0.000000 582.882996 0.000000 0.817796 0.000000 0.575509 0.671400 0.671400 0.671400
3361.977295 0.000000 577.881897 0.000000 0.647383 0.000000 -0.762165 1.179069 1.179069 1.179069
3370.062744 0.000000 576.462036 0.000000 0.823466 0.000000 0.567365 0.578291 0.578291 0.578291
3365.158203 0.000000 583.505249 0.000000 0.460096 0.000000 0.887869 0.522839 0.522839 0.522839
3386.876709 0.000000 600.469482 0.000000 0.851852 0.000000 0.523783 0.661268 0.661268 0.661268
3383.553467 0.000000 585.848694 0.000000 0.795798 0.000000 -0.605562 0.970188 0.970188 0.970188
3384.745605 0.000000 595.781433 0.000000 0.643490 0.000000 0.765455 0.580623 0.580623 0.580623
3389.850830 0.000000 598.335693 0.000000 0.441046 0.000000 -0.897484 1.040299 1.040299 1.040299
3373.313232 0.000000 577.089355 0.000000 0.523228 0.000000 0.852193 0.439361 0.439361 0.439361
3371.709717 0.000000 582.256836 0.000000 0.366713 0.000000 0.930334 0.546941 0.546941 0.546941
3358.342041 0.000000 578.857910 0.000000 0.938914 0.000000 0.344153 0.659659 0.659659 0.659659
3364.315430 0.000000 579.960388 0.000000 0.397269 0.000000 0.917702 0.535371 0.535371 0.535371
3389.910645 0.000000 584.376587 0.000000 0.996679 0.000000 0.081436 0.781763 0.781763 0.781763
3369.342285 0.000000 579.674438 0.000000 0.778547 0.000000 0.627586 0.594036 0.594036 0.594036
3387.770264 0.000000 580.570862 0.000000 0.742785 0.000000 0.669530 0.628580 0.628580 0.628580
3380.207275 0.000000 584.860901 0.000000 0.487928 0.000000 0.872884 0.566884 0.566884 0.566884
3376.167480 0.000000 593.501587 0.000000 0.733882 0.000000 0.679277 0.586717 0.586717 0.586717
3372.290771 0.000000 593.045654 0.000000 0.404519 0.000000 -0.914530 1.062827 1.062827 1.062827
3356.355957 0.000000 579.480835 0.000000 0.492947 0.000000 0.870059 0.380562 0.380562 0.380562
3385.258789 0.000000 585.359924 0.000000 0.258981 0.000000 -0.965883 1.165966 1.165966 1.165966
3374.045166 0.000000 588.954590 0.000000 0.108667 0.000000 0.994078 0.271518 0.271518 0.271518
3367.394043 0.000000 577.589417 0.000000 0.995348 0.000000 0.096341 0.769551 0.769551 0.769551
3361.203125 0.000000 576.381165 0.000000 0.677578 0.000000 0.735451 0.438567 0.438567 0.438567
3374.421875 0.000000 586.129333 0.000000 0.969328 0.000000 -0.245771 0.874888 0.874888 0.874888
3390.712891 0.000000 575.986267 0.000000 0.067917 0.000000 0.997691 0.382791 0.382791 0.382791
3382.935791 0.000000 592.729431 0.000000 0.597512 0.000000 0.801860 0.539847 0.539847 0.539847
3375.604248 0.000000 591.833130 0.000000 0.971306 0.000000 0.237834 0.703599 0.703599 0.703599
3388.475342 0.000000 603.095276 0.000000 0.997086 0.000000 0.076284 0.779107 0.779107 0.779107
3381.809326 0.000000 589.326355 0.000000 0.961697 0.000000 0.274114 0.730124 0.730124 0.730124
3373.469238 0.000000 591.650024 0.000000 0.856612 0.000000 -0.515962 0.984070 0.984070 0.984070
3372.915527 0.000000 590.109863 0.000000 0.995404 0.000000 0.095768 0.767434 0.767434 0.767434
3452.043701 0.000000 619.668823 0.000000 0.758182 0.000000 0.652043 0.792907 0.792907 0.792907
3452.856201 0.000000 612.011292 0.000000 0.200619 0.000000 0.979669 0.780863 0.780863 0.780863
3439.136230 0.000000 577.287476 0.000000 0.587712 0.000000 0.809070 0.786822 0.786822 0.786822
3407.169434 0.000000 608.808289 0.000000 0.989740 0.000000 -0.142878 0.803150 0.803150 0.803150
3453.015869 0.000000 596.682983 0.000000 0.423648 0.000000 -0.905827 0.820372 0.820372 0.820372
3434.793457 0.000000 597.639099 0.000000 0.988716 0.000000 0.149801 0.795495 0.795495 0.795495
3427.875000 0.000000 592.409424 0.000000 0.007062 0.000000 0.999975 0.743783 0.743783 0.743783
3436.219727 0.000000 588.517883 0.000000 0.400644 0.000000 0.916234 0.760663 0.760663 0.760663
3430.072510 0.000000 596.532898 0.000000 0.765503 0.000000 0.643432 0.774872 0.774872 0.774872
3442.640137 0.000000 594.588989 0.000000 0.522308 0.000000 0.852757 0.751048 0.751048 0.751048
3447.363770 0.000000 611.150757 0.000000 0.409846 0.000000 -0.912155 0.859640 0.859640 0.859640
3417.044434 0.000000 577.521912 0.000000 0.803503 0.000000 -0.595301 0.831838 0.831838 0.831838
3447.490967 0.000000 580.413696 0.000000 0.348964 0.000000 -0.937136 0.860633 0.860633 0.860633
3424.248535 0.000000 591.263000 0.000000 0.145728 0.000000 0.989325 0.723181 0.723181 0.723181
3397.573975 0.000000 587.031616 0.000000 0.219026 0.000000 0.975719 0.719113 0.719113 0.719113
3447.204102 0.000000 603.018066 0.000000 0.896939 0.000000 -0.442155 0.828357 0.828357 0.828357
3397.074463 0.000000 594.181763 0.000000 0.400463 0.000000 -0.916313 0.883317 0.883317 0.883317
3411.949707 0.000000 579.489929 0.000000 0.208527 0.000000 -0.978017 0.903273 0.903273 0.903273
3430.460205 0.000000 584.719666 0.000000 0.976675 0.000000 -0.214722 0.816857 0.816857 0.816857
3418.612305 0.000000 580.406494 0.000000 0.824887 0.000000 0.565298 0.750803 0.750803 0.750803
3432.254639 0.000000 581.148743 0.000000 0.225312 0.000000 -0.974287 0.901968 0.901968 0.901968
3444.502441 0.000000 609.672424 0.000000 0.948701 0.000000 -0.316175 0.826985 0.826985 0.826985
3400.806885 0.000000 582.759216 0.000000 0.823662 0.000000 -0.567081 0.848170 0.848170 0.848170
3440.126465 0.000000 601.015869 0.000000 0.913769 0.000000 -0.406234 0.830078 0.830078 0.830078
3429.175537 0.000000 589.591675 0.000000 0.900198 0.000000 -0.435480 0.830597 0.830597 0.830597
3399.588379 0.000000 601.981079 0.000000 0.231175 0.000000 0.972912 0.698489 0.698489 0.698489
3424.161621 0.000000 577.664856 0.000000 0.957546 0.000000 -0.288281 0.827451 0.827451 0.827451
3434.163330 0.000000 603.295654 0.000000 0.551926 0.000000 0.833893 0.713341 0.713341 0.713341
3397.641602 0.000000 597.299805 0.000000 0.208575 0.000000 0.978006 0.685861 0.685861 0.685861
3424.177734 0.000000 599.739929 0.000000 0.479276 0.000000 -0.877664 0.906949 0.906949 0.906949
3431.016602 0.000000 612.416260 0.000000 0.913245 0.000000 -0.407410 0.849446 0.849446 0.849446
3425.633789 0.000000 610.877991 0.000000 0.087329 0.000000 -0.996180 0.930355 0.930355 0.930355
3423.087646 0.000000 584.451538 0.000000 0.998110 0.000000 0.061457 0.793491 0.793491 0.793491
3417.181641 0.000000 583.173462 0.000000 0.983045 0.000000 -0.183363 0.820257 0.820257 0.820257
3413.914307 0.000000 583.783081 0.000000 0.461675 0.000000 0.887049 0.693238 0.693238 0.693238
3394.195312 0.000000 599.160156 0.000000 0.724891 0.000000 -0.688864 0.898653 0.898653 0.898653
3417.096680 0.000000 606.328308 0.000000 0.823656 0.000000 0.567089 0.718110 0.718110 0.718110
3431.016113 0.000000 575.913208 0.000000 0.909972 0.000000 -0.414669 0.844407 0.844407 0.844407
3408.917969 0.000000 586.148865 0.000000 0.182650 0.000000 -0.983178 0.985617 0.985617 0.985617
3427.126221 0.000000 607.102966 0.000000 0.798420 0.000000 0.602101 0.701924 0.701924 0.701924
3430.383057 0.000000 606.934448 0.000000 0.545261 0.000000 -0.838266 0.958836 0.958836 0.958836
3431.154541 0.000000 603.920288 0.000000 0.921381 0.000000 0.388661 0.756151 0.756151 0.756151
3416.037109 0.000000 588.329407 0.000000 0.654291 0.000000 0.756243 0.669832 0.669832 0.669832
3428.977295 0.000000 602.398132 0.000000 0.988151 0.000000 0.153484 0.781227 0.781227 0.781227
3435.183105 0.000000 606.507202 0.000000 0.961831 0.000000 0.273645 0.755159 0.755159 0.755159
3420.553955 0.000000 585.962891 0.000000 0.230125 0.000000 0.973161 0.639591 0.639591 0.639591
3403.865479 0.000000 578.901123 0.000000 0.093751 0.000000 0.995596 0.575820 0.575820 0.575820
3424.382080 0.000000 602.534058 0.000000 0.756270 0.000000 -0.654260 0.909682 0.909682 0.909682
3412.084473 0.000000 607.569275 0.000000 0.255880 0.000000 -0.966709 0.980811 0.980811 0.980811
3396.119141 0.000000 579.642578 0.000000 0.999684 0.000000 -0.025136 0.803364 0.803364 0.803364
3440.105469 0.000000 606.435547 0.000000 0.171180 0.000000 0.985240 0.632379 0.632379 0.632379
3419.762207 0.000000 593.438110 0.000000 0.117278 0.000000 0.993099 0.617144 0.617144 0.617144
3412.775635 0.000000 605.260498 0.000000 0.908664 0.000000 -0.417529 0.880004 0.880004 0.880004
3391.657959 0.000000 585.108276 0.000000 0.239062 0.000000 0.971004 0.587590 0.587590 0.587590
3422.439941 0.000000 601.416809 0.000000 0.918178 0.000000 0.396167 0.739797 0.739797 0.739797
3410.705811 0.000000 595.206726 0.000000 0.868577 0.000000 -0.495554 0.893196 0.893196 0.893196
3417.305908 0.000000 596.098389 0.000000 0.409782 0.000000 -0.912183 1.008753 1.008753 1.008753
3412.136719 0.000000 589.526245 0.000000 0.975185 0.000000 -0.221391 0.833886 0.833886 0.833886
3433.786133 0.000000 608.246887 0.000000 0.664750 0.000000 0.747066 0.655095 0.655095 0.655095
3431.118652 0.000000 609.160767 0.000000 0.906252 0.000000 -0.422737 0.869738 0.869738 0.869738
3435.031250 0.000000 611.036194 0.000000 0.293028 0.000000 0.956104 0.599080 0.599080 0.599080
3408.820801 0.000000 590.905823 0.000000 0.650784 0.000000 -0.759263 0.936036 0.936036 0.936036
3412.588623 0.000000 595.721619 0.000000 0.893365 0.000000 -0.449332 0.888421 0.888421 0.888421
3393.815186 0.000000 576.889465 0.000000 0.946324 0.000000 -0.323220 0.869022 0.869022 0.869022
3401.459717 0.000000 577.863770 0.000000 0.440876 0.000000 -0.897568 1.011410 1.011410 1.011410
3417.750000 0.000000 601.904358 0.000000 0.550618 0.000000 -0.834757 1.015019 1.015019 1.015019
3393.408203 0.000000 603.740234 0.000000 0.190648 0.000000 -0.981659 1.138759 1.138759 1.138759
3392.595215 0.000000 605.349854 0.000000 0.472167 0.000000 0.881509 0.547851 0.547851 0.547851
3416.139648 0.000000 602.988220 0.000000 0.991158 0.000000 0.132687 0.771560 0.771560 0.771560
3414.358398 0.000000 600.817017 0.000000 0.811724 0.000000 0.584041 0.656747 0.656747 0.656747
3392.591797 0.000000 602.285217 0.000000 0.374267 0.000000 -0.927321 1.091646 1.091646 1.091646
3472.019287 0.000000 557.233093 0.000000 0.883867 0.000000 -0.467738 0.802916 0.802916 0.802916
3471.161621 0.000000 544.823914 0.000000 0.945176 0.000000 0.326561 0.793356 0.793356 0.793356
3466.750000 0.000000 536.946167 0.000000 0.448749 0.000000 0.893658 0.769091 0.769091 0.769091
3459.835693 0.000000 559.236084 0.000000 0.912055 0.000000 0.410068 0.787342 0.787342 0.787342
3469.562012 0.000000 561.534485 0.000000 0.968662 0.000000 -0.248382 0.807520 0.807520 0.807520
3456.878418 0.000000 568.420959 0.000000 0.135375 0.000000 0.990794 0.728349 0.728349 0.728349
3467.636719 0.000000 557.528992 0.000000 0.873479 0.000000 0.486862 0.775626 0.775626 0.775626
3467.178711 0.000000 553.455872 0.000000 0.397522 0.000000 0.917592 0.739660 0.739660 0.739660
3463.580566 0.000000 537.996704 0.000000 0.016918 0.000000 0.999857 0.685172 0.685172 0.685172
3458.040527 0.000000 548.571899 0.000000 0.956816 0.000000 0.290695 0.778204 0.778204 0.778204
3461.024414 0.000000 539.979919 0.000000 0.829749 0.000000 0.558137 0.740868 0.740868 0.740868
3461.507568 0.000000 542.612183 0.000000 0.771358 0.000000 0.636402 0.729735 0.729735 0.729735
3457.868164 0.000000 543.802002 0.000000 0.123604 0.000000 0.992332 0.589048 0.589048 0.589048
"}
