object={
	name="tree_cypress_01_generator_1_0"
	render_pass=Map
	clamp_to_water_level=no
	generated_content=yes
	layer="tree_high_layer"
	pdxmesh="tree_cypress_01_a_mesh"
	count=304
	transform="3412.552246 0.000000 570.921265 0.000000 0.997661 0.000000 0.068352 1.000000 1.000000 1.000000
3439.864258 0.000000 533.818298 0.000000 0.761627 0.000000 0.648016 1.000000 1.000000 1.000000
3443.282959 0.000000 548.709412 0.000000 0.388107 0.000000 0.921614 1.000000 1.000000 1.000000
3434.571289 0.000000 519.821655 0.000000 0.974603 0.000000 0.223941 1.000000 1.000000 1.000000
3452.856201 0.000000 548.026917 0.000000 0.920559 0.000000 0.390603 1.000000 1.000000 1.000000
3445.105469 0.000000 542.097900 0.000000 0.977870 0.000000 0.209211 1.000000 1.000000 1.000000
3436.801758 0.000000 548.264526 0.000000 0.766769 0.000000 0.641923 1.000000 1.000000 1.000000
3448.280273 0.000000 551.471252 0.000000 0.028666 0.000000 0.999589 1.000000 1.000000 1.000000
3417.290527 0.000000 567.666870 0.000000 0.998498 0.000000 0.054792 1.000000 1.000000 1.000000
3447.240234 0.000000 569.625488 0.000000 0.995191 0.000000 0.097955 1.000000 1.000000 1.000000
3449.889648 0.000000 543.864075 0.000000 0.331754 0.000000 0.943366 1.000000 1.000000 1.000000
3454.944824 0.000000 567.944824 0.000000 0.995020 0.000000 0.099679 1.000000 1.000000 1.000000
3429.570068 0.000000 569.299866 0.000000 0.604947 0.000000 0.796266 1.000000 1.000000 1.000000
3426.019287 0.000000 563.869873 0.000000 0.920220 0.000000 0.391402 1.000000 1.000000 1.000000
3416.782227 0.000000 571.959778 0.000000 0.754493 0.000000 0.656308 1.000000 1.000000 1.000000
3453.601807 0.000000 541.776428 0.000000 0.895042 0.000000 0.445981 1.000000 1.000000 1.000000
3413.356689 0.000000 566.221130 0.000000 0.761113 0.000000 0.648620 1.000000 1.000000 1.000000
3414.069336 0.000000 574.582458 0.000000 0.390839 0.000000 0.920459 1.000000 1.000000 1.000000
3420.296387 0.000000 570.571838 0.000000 0.888546 0.000000 0.458788 1.000000 1.000000 1.000000
3449.943848 0.000000 534.815735 0.000000 0.019764 0.000000 0.999805 1.000000 1.000000 1.000000
3425.331055 0.000000 558.828003 0.000000 0.489998 0.000000 0.871724 1.000000 1.000000 1.000000
3426.493652 0.000000 567.571899 0.000000 0.519358 0.000000 0.854557 1.000000 1.000000 1.000000
3440.107422 0.000000 547.715210 0.000000 0.869240 0.000000 0.494390 1.000000 1.000000 1.000000
3440.126465 0.000000 537.031494 0.000000 0.338506 0.000000 0.940964 1.000000 1.000000 1.000000
3427.738037 0.000000 560.849243 0.000000 0.693350 0.000000 0.720601 1.000000 1.000000 1.000000
3453.173340 0.000000 544.957214 0.000000 0.760926 0.000000 0.648839 1.000000 1.000000 1.000000
3422.446533 0.000000 572.844788 0.000000 0.541369 0.000000 0.840785 1.000000 1.000000 1.000000
3424.725830 0.000000 570.280945 0.000000 0.448173 0.000000 0.893947 1.000000 1.000000 1.000000
3449.309326 0.000000 541.048401 0.000000 0.527793 0.000000 0.849373 1.000000 1.000000 1.000000
3439.056152 0.000000 523.649841 0.000000 0.875750 0.000000 0.482764 1.000000 1.000000 1.000000
3436.721680 0.000000 521.736572 0.000000 0.170807 0.000000 0.985305 1.000000 1.000000 1.000000
3441.192383 0.000000 528.172485 0.000000 0.424150 0.000000 0.905592 1.000000 1.000000 1.000000
3450.207764 0.000000 547.068604 0.000000 0.436791 0.000000 0.899563 1.000000 1.000000 1.000000
3435.825439 0.000000 527.410156 0.000000 0.780496 0.000000 0.625160 1.000000 1.000000 1.000000
3438.675293 0.000000 526.509705 0.000000 0.066730 0.000000 0.997771 1.000000 1.000000 1.000000
3429.024414 0.000000 566.653503 0.000000 0.935313 0.000000 0.353822 1.000000 1.000000 1.000000
3427.564209 0.000000 571.072083 0.000000 0.968907 0.000000 0.247426 1.000000 1.000000 1.000000
3428.340088 0.000000 563.266785 0.000000 0.508006 0.000000 0.861354 1.000000 1.000000 1.000000
3455.486084 0.000000 548.233154 0.000000 0.970204 0.000000 0.242290 1.000000 1.000000 1.000000
3418.931396 0.000000 572.772156 0.000000 0.921941 0.000000 0.387330 1.000000 1.000000 1.000000
3454.693115 0.000000 565.705688 0.000000 0.126284 0.000000 0.991994 1.000000 1.000000 1.000000
3451.671875 0.000000 540.584656 0.000000 0.873054 0.000000 0.487624 1.000000 1.000000 1.000000
3447.564941 0.000000 530.290955 0.000000 0.963531 0.000000 0.267597 1.000000 1.000000 1.000000
3447.312256 0.000000 542.002075 0.000000 0.271894 0.000000 0.962327 1.000000 1.000000 1.000000
3422.368896 0.000000 569.928406 0.000000 0.651651 0.000000 0.758519 1.000000 1.000000 1.000000
3454.815918 0.000000 543.471069 0.000000 0.871627 0.000000 0.490170 1.000000 1.000000 1.000000
3427.252930 0.000000 565.588440 0.000000 0.179587 0.000000 0.983742 1.000000 1.000000 1.000000
3451.229004 0.000000 545.340332 0.000000 0.980274 0.000000 0.197642 1.000000 1.000000 1.000000
3421.059814 0.000000 568.468811 0.000000 0.817862 0.000000 0.575414 1.000000 1.000000 1.000000
3449.182861 0.000000 568.607910 0.000000 0.996288 0.000000 0.086078 1.000000 1.000000 1.000000
3427.216797 0.000000 559.010010 0.000000 0.513610 0.000000 0.858024 1.000000 1.000000 1.000000
3426.494385 0.000000 569.505066 0.000000 0.994468 0.000000 0.105042 1.000000 1.000000 1.000000
3424.746094 0.000000 568.317749 0.000000 0.308919 0.000000 0.951088 1.000000 1.000000 1.000000
3416.158936 0.000000 570.178467 0.000000 0.922111 0.000000 0.386925 1.000000 1.000000 1.000000
3448.737793 0.000000 531.797058 0.000000 0.925444 0.000000 0.378885 1.000000 1.000000 1.000000
3448.490967 0.000000 570.750366 0.000000 0.062929 0.000000 0.998018 1.000000 1.000000 1.000000
3452.106689 0.000000 551.893677 0.000000 0.651723 0.000000 0.758457 1.000000 1.000000 1.000000
3437.461426 0.000000 527.665649 0.000000 0.244480 0.000000 0.969654 1.000000 1.000000 1.000000
3436.907715 0.000000 526.125488 0.000000 0.271459 0.000000 0.962450 1.000000 1.000000 1.000000
3437.276855 0.000000 523.344055 0.000000 0.327818 0.000000 0.944741 1.000000 1.000000 1.000000
3423.600830 0.000000 566.353210 0.000000 0.165762 0.000000 0.986166 1.000000 1.000000 1.000000
3435.187744 0.000000 521.277466 0.000000 0.100767 0.000000 0.994910 1.000000 1.000000 1.000000
3427.082031 0.000000 576.421875 0.000000 0.919359 0.000000 0.393421 1.000000 1.000000 1.000000
3441.344971 0.000000 589.341125 0.000000 0.166831 0.000000 0.985986 1.000000 1.000000 1.000000
3422.519775 0.000000 604.118774 0.000000 0.976388 0.000000 0.216026 1.000000 1.000000 1.000000
3452.856201 0.000000 612.011292 0.000000 0.200619 0.000000 0.979669 1.000000 1.000000 1.000000
3446.957764 0.000000 596.385681 0.000000 0.955245 0.000000 0.295816 1.000000 1.000000 1.000000
3445.105469 0.000000 606.082275 0.000000 0.463423 0.000000 0.886137 1.000000 1.000000 1.000000
3421.090576 0.000000 577.583008 0.000000 0.678291 0.000000 0.734793 1.000000 1.000000 1.000000
3434.793457 0.000000 597.639099 0.000000 0.988716 0.000000 0.149801 1.000000 1.000000 1.000000
3398.410645 0.000000 590.762939 0.000000 0.393989 0.000000 0.919115 1.000000 1.000000 1.000000
3405.184326 0.000000 596.642883 0.000000 0.992541 0.000000 0.121915 1.000000 1.000000 1.000000
3421.156006 0.000000 599.492554 0.000000 0.098383 0.000000 0.995149 1.000000 1.000000 1.000000
3443.456787 0.000000 617.565857 0.000000 0.999996 0.000000 0.002856 1.000000 1.000000 1.000000
3424.281250 0.000000 581.904541 0.000000 0.902324 0.000000 0.431059 1.000000 1.000000 1.000000
3430.072510 0.000000 596.532898 0.000000 0.765503 0.000000 0.643432 1.000000 1.000000 1.000000
3453.600342 0.000000 586.127197 0.000000 0.929518 0.000000 0.368777 1.000000 1.000000 1.000000
3453.367432 0.000000 592.325378 0.000000 0.280029 0.000000 0.959992 1.000000 1.000000 1.000000
3446.282227 0.000000 587.123230 0.000000 0.848236 0.000000 0.529619 1.000000 1.000000 1.000000
3442.640137 0.000000 594.588989 0.000000 0.522308 0.000000 0.852757 1.000000 1.000000 1.000000
3441.285645 0.000000 604.243042 0.000000 0.395170 0.000000 0.918608 1.000000 1.000000 1.000000
3449.688965 0.000000 593.651001 0.000000 0.998117 0.000000 0.061336 1.000000 1.000000 1.000000
3448.093262 0.000000 584.052673 0.000000 0.997059 0.000000 0.076640 1.000000 1.000000 1.000000
3442.594971 0.000000 586.031311 0.000000 0.756910 0.000000 0.653519 1.000000 1.000000 1.000000
3418.612305 0.000000 580.406494 0.000000 0.824887 0.000000 0.565298 1.000000 1.000000 1.000000
3426.566650 0.000000 579.565125 0.000000 0.414146 0.000000 0.910211 1.000000 1.000000 1.000000
3400.733398 0.000000 593.057495 0.000000 0.888257 0.000000 0.459347 1.000000 1.000000 1.000000
3399.588379 0.000000 601.981079 0.000000 0.231175 0.000000 0.972912 1.000000 1.000000 1.000000
3453.173340 0.000000 608.941589 0.000000 0.159933 0.000000 0.987128 1.000000 1.000000 1.000000
3454.442871 0.000000 589.250122 0.000000 0.866121 0.000000 0.499835 1.000000 1.000000 1.000000
3453.465332 0.000000 580.016418 0.000000 0.787740 0.000000 0.616008 1.000000 1.000000 1.000000
3450.566406 0.000000 586.412537 0.000000 0.025260 0.000000 0.999681 1.000000 1.000000 1.000000
3445.220703 0.000000 615.112000 0.000000 0.988171 0.000000 0.153358 1.000000 1.000000 1.000000
3397.641602 0.000000 597.299805 0.000000 0.208575 0.000000 0.978006 1.000000 1.000000 1.000000
3410.326660 0.000000 581.902344 0.000000 0.829731 0.000000 0.558163 1.000000 1.000000 1.000000
3441.192383 0.000000 592.156860 0.000000 0.991103 0.000000 0.133096 1.000000 1.000000 1.000000
3430.558105 0.000000 593.708130 0.000000 0.742802 0.000000 0.669511 1.000000 1.000000 1.000000
3450.207764 0.000000 611.052979 0.000000 0.997264 0.000000 0.073917 1.000000 1.000000 1.000000
3432.763672 0.000000 595.801453 0.000000 0.236324 0.000000 0.971674 1.000000 1.000000 1.000000
3438.675293 0.000000 590.494080 0.000000 0.783754 0.000000 0.621071 1.000000 1.000000 1.000000
3427.126221 0.000000 607.102966 0.000000 0.798420 0.000000 0.602101 1.000000 1.000000 1.000000
3447.410645 0.000000 589.551147 0.000000 0.999596 0.000000 0.028438 1.000000 1.000000 1.000000
3442.682861 0.000000 606.398926 0.000000 0.937024 0.000000 0.349264 1.000000 1.000000 1.000000
3455.486084 0.000000 612.217529 0.000000 0.216222 0.000000 0.976344 1.000000 1.000000 1.000000
3412.791748 0.000000 581.726746 0.000000 0.516004 0.000000 0.856586 1.000000 1.000000 1.000000
3422.439941 0.000000 601.416809 0.000000 0.918178 0.000000 0.396167 1.000000 1.000000 1.000000
3447.564941 0.000000 594.275330 0.000000 0.823112 0.000000 0.567879 1.000000 1.000000 1.000000
3415.435303 0.000000 576.015869 0.000000 0.268928 0.000000 0.963160 1.000000 1.000000 1.000000
3454.071777 0.000000 613.880493 0.000000 0.738115 0.000000 0.674675 1.000000 1.000000 1.000000
3427.130859 0.000000 603.518921 0.000000 0.842159 0.000000 0.539229 1.000000 1.000000 1.000000
3422.402588 0.000000 575.931885 0.000000 0.998545 0.000000 0.053933 1.000000 1.000000 1.000000
3454.872070 0.000000 578.409790 0.000000 0.867171 0.000000 0.498010 1.000000 1.000000 1.000000
3423.815918 0.000000 606.209595 0.000000 0.800245 0.000000 0.599673 1.000000 1.000000 1.000000
3452.606689 0.000000 590.389038 0.000000 0.590066 0.000000 0.807355 1.000000 1.000000 1.000000
3399.079346 0.000000 594.454468 0.000000 0.761081 0.000000 0.648657 1.000000 1.000000 1.000000
3445.599609 0.000000 604.154724 0.000000 0.994635 0.000000 0.103445 1.000000 1.000000 1.000000
3442.695801 0.000000 590.649658 0.000000 0.061285 0.000000 0.998120 1.000000 1.000000 1.000000
3427.887207 0.000000 578.244934 0.000000 0.933002 0.000000 0.359870 1.000000 1.000000 1.000000
3416.932129 0.000000 581.404724 0.000000 0.587706 0.000000 0.809075 1.000000 1.000000 1.000000
3425.969482 0.000000 577.881897 0.000000 0.961822 0.000000 0.273674 1.000000 1.000000 1.000000
3405.242188 0.000000 591.464539 0.000000 0.765928 0.000000 0.642927 1.000000 1.000000 1.000000
3453.902832 0.000000 584.376587 0.000000 0.982528 0.000000 0.186114 1.000000 1.000000 1.000000
3455.172363 0.000000 580.699646 0.000000 0.956438 0.000000 0.291936 1.000000 1.000000 1.000000
3399.493896 0.000000 597.630188 0.000000 0.835174 0.000000 0.549986 1.000000 1.000000 1.000000
3420.348145 0.000000 579.480835 0.000000 0.267805 0.000000 0.963473 1.000000 1.000000 1.000000
3407.077881 0.000000 596.979248 0.000000 0.914914 0.000000 0.403649 1.000000 1.000000 1.000000
3401.269531 0.000000 594.699219 0.000000 0.327206 0.000000 0.944953 1.000000 1.000000 1.000000
3401.170898 0.000000 597.768127 0.000000 0.950558 0.000000 0.310546 1.000000 1.000000 1.000000
3427.205811 0.000000 605.452576 0.000000 0.995889 0.000000 0.090582 1.000000 1.000000 1.000000
3398.748047 0.000000 596.112793 0.000000 0.632070 0.000000 0.774911 1.000000 1.000000 1.000000
3446.927979 0.000000 592.729431 0.000000 0.345471 0.000000 0.938430 1.000000 1.000000 1.000000
3428.781738 0.000000 607.343750 0.000000 0.971458 0.000000 0.237213 1.000000 1.000000 1.000000
3401.929199 0.000000 599.486389 0.000000 0.781347 0.000000 0.624097 1.000000 1.000000 1.000000
3402.243896 0.000000 592.503662 0.000000 0.090206 0.000000 0.995923 1.000000 1.000000 1.000000
3433.163086 0.000000 597.368103 0.000000 0.965479 0.000000 0.260481 1.000000 1.000000 1.000000
3424.049561 0.000000 604.514587 0.000000 0.679588 0.000000 0.733594 1.000000 1.000000 1.000000
3420.639893 0.000000 576.063232 0.000000 0.645502 0.000000 0.763759 1.000000 1.000000 1.000000
3417.837891 0.000000 578.932190 0.000000 0.870451 0.000000 0.492255 1.000000 1.000000 1.000000
3423.742188 0.000000 576.269836 0.000000 0.730607 0.000000 0.682798 1.000000 1.000000 1.000000
3416.042236 0.000000 578.435364 0.000000 0.740796 0.000000 0.671730 1.000000 1.000000 1.000000
3415.261230 0.000000 579.750854 0.000000 0.768393 0.000000 0.639978 1.000000 1.000000 1.000000
3476.544434 0.000000 570.921265 0.000000 0.149349 0.000000 0.988785 1.000000 1.000000 1.000000
3456.079346 0.000000 562.991577 0.000000 0.884063 0.000000 0.467367 1.000000 1.000000 1.000000
3475.203613 0.000000 550.094299 0.000000 0.999696 0.000000 0.024658 1.000000 1.000000 1.000000
3484.082520 0.000000 574.848328 0.000000 0.028643 0.000000 0.999590 1.000000 1.000000 1.000000
3465.940186 0.000000 573.572876 0.000000 0.918083 0.000000 0.396388 1.000000 1.000000 1.000000
3489.829346 0.000000 573.028015 0.000000 0.951902 0.000000 0.306404 1.000000 1.000000 1.000000
3471.950928 0.000000 574.016418 0.000000 0.159712 0.000000 0.987164 1.000000 1.000000 1.000000
3481.282715 0.000000 567.666870 0.000000 0.015690 0.000000 0.999877 1.000000 1.000000 1.000000
3456.878418 0.000000 568.420959 0.000000 0.135375 0.000000 0.990794 1.000000 1.000000 1.000000
3469.199463 0.000000 571.894958 0.000000 0.511945 0.000000 0.859019 1.000000 1.000000 1.000000
3464.484131 0.000000 570.521729 0.000000 0.655475 0.000000 0.755217 1.000000 1.000000 1.000000
3487.781738 0.000000 575.624268 0.000000 0.736942 0.000000 0.675956 1.000000 1.000000 1.000000
3458.040527 0.000000 548.571899 0.000000 0.956816 0.000000 0.290695 1.000000 1.000000 1.000000
3481.246338 0.000000 564.566223 0.000000 0.467079 0.000000 0.884216 1.000000 1.000000 1.000000
3459.424072 0.000000 567.757141 0.000000 0.414203 0.000000 0.910185 1.000000 1.000000 1.000000
3471.794189 0.000000 571.503723 0.000000 0.660050 0.000000 0.751222 1.000000 1.000000 1.000000
3466.814697 0.000000 571.425049 0.000000 0.824962 0.000000 0.565188 1.000000 1.000000 1.000000
3479.821045 0.000000 573.692993 0.000000 0.428416 0.000000 0.903581 1.000000 1.000000 1.000000
3485.052002 0.000000 568.468811 0.000000 0.571835 0.000000 0.820368 1.000000 1.000000 1.000000
3459.207520 0.000000 569.794739 0.000000 0.895879 0.000000 0.444299 1.000000 1.000000 1.000000
3467.865967 0.000000 573.421936 0.000000 0.405009 0.000000 0.914313 1.000000 1.000000 1.000000
3476.792480 0.000000 572.870850 0.000000 0.906567 0.000000 0.422063 1.000000 1.000000 1.000000
3485.630859 0.000000 566.166016 0.000000 0.751831 0.000000 0.659356 1.000000 1.000000 1.000000
3464.511475 0.000000 572.381958 0.000000 0.965297 0.000000 0.261156 1.000000 1.000000 1.000000
3462.803955 0.000000 571.185364 0.000000 0.299250 0.000000 0.954175 1.000000 1.000000 1.000000
3482.812744 0.000000 565.423950 0.000000 0.806183 0.000000 0.591667 1.000000 1.000000 1.000000
3470.307617 0.000000 573.323608 0.000000 0.042182 0.000000 0.999110 1.000000 1.000000 1.000000
3458.898926 0.000000 566.063232 0.000000 0.999961 0.000000 0.008777 1.000000 1.000000 1.000000
3483.252930 0.000000 568.670349 0.000000 0.777034 0.000000 0.629458 1.000000 1.000000 1.000000
3484.632324 0.000000 572.491943 0.000000 0.048498 0.000000 0.998823 1.000000 1.000000 1.000000
3455.616699 0.000000 565.151306 0.000000 0.932375 0.000000 0.361494 1.000000 1.000000 1.000000
3455.894287 0.000000 566.795410 0.000000 0.997495 0.000000 0.070731 1.000000 1.000000 1.000000
3460.751465 0.000000 568.792419 0.000000 0.315234 0.000000 0.949014 1.000000 1.000000 1.000000
3456.828857 0.000000 547.486389 0.000000 0.476016 0.000000 0.879437 1.000000 1.000000 1.000000
3458.268311 0.000000 568.671997 0.000000 0.228988 0.000000 0.973429 1.000000 1.000000 1.000000
3455.587646 0.000000 547.056030 0.000000 0.877269 0.000000 0.480000 1.000000 1.000000 1.000000
3457.383789 0.000000 546.418884 0.000000 0.228484 0.000000 0.973548 1.000000 1.000000 1.000000
3463.745361 0.000000 605.183777 0.000000 0.132245 0.000000 0.991217 1.000000 1.000000 1.000000
3480.593506 0.000000 598.191528 0.000000 0.654679 0.000000 0.755907 1.000000 1.000000 1.000000
3501.716064 0.000000 606.145752 0.000000 0.694918 0.000000 0.719089 1.000000 1.000000 1.000000
3486.511963 0.000000 604.118774 0.000000 0.968670 0.000000 0.248351 1.000000 1.000000 1.000000
3486.294189 0.000000 611.668152 0.000000 0.996712 0.000000 0.081023 1.000000 1.000000 1.000000
3495.425537 0.000000 615.298523 0.000000 0.829495 0.000000 0.558515 1.000000 1.000000 1.000000
3457.895752 0.000000 585.321228 0.000000 0.354558 0.000000 0.935034 1.000000 1.000000 1.000000
3471.161621 0.000000 608.808289 0.000000 0.983915 0.000000 0.178635 1.000000 1.000000 1.000000
3500.793945 0.000000 612.248901 0.000000 0.310362 0.000000 0.950618 1.000000 1.000000 1.000000
3506.753906 0.000000 630.424866 0.000000 0.960797 0.000000 0.277252 1.000000 1.000000 1.000000
3517.745605 0.000000 626.945557 0.000000 0.998533 0.000000 0.054156 1.000000 1.000000 1.000000
3477.080811 0.000000 602.123474 0.000000 0.758038 0.000000 0.652211 1.000000 1.000000 1.000000
3470.317871 0.000000 587.024475 0.000000 0.292032 0.000000 0.956409 1.000000 1.000000 1.000000
3466.750000 0.000000 600.930542 0.000000 0.666930 0.000000 0.745120 1.000000 1.000000 1.000000
3513.881836 0.000000 607.848450 0.000000 0.674796 0.000000 0.738004 1.000000 1.000000 1.000000
3458.340820 0.000000 605.401550 0.000000 0.848494 0.000000 0.529206 1.000000 1.000000 1.000000
3475.454102 0.000000 597.338196 0.000000 0.999088 0.000000 0.042692 1.000000 1.000000 1.000000
3513.247803 0.000000 623.554321 0.000000 0.772807 0.000000 0.634642 1.000000 1.000000 1.000000
3481.767578 0.000000 603.698730 0.000000 0.939870 0.000000 0.341531 1.000000 1.000000 1.000000
3485.148193 0.000000 599.492554 0.000000 0.671874 0.000000 0.740666 1.000000 1.000000 1.000000
3483.146973 0.000000 608.109680 0.000000 0.999904 0.000000 0.013876 1.000000 1.000000 1.000000
3486.655518 0.000000 587.271729 0.000000 0.823361 0.000000 0.567518 1.000000 1.000000 1.000000
3519.167480 0.000000 622.709778 0.000000 0.997581 0.000000 0.069516 1.000000 1.000000 1.000000
3488.664551 0.000000 608.118774 0.000000 0.408706 0.000000 0.912666 1.000000 1.000000 1.000000
3496.992188 0.000000 610.292419 0.000000 0.387594 0.000000 0.921830 1.000000 1.000000 1.000000
3474.527344 0.000000 605.702087 0.000000 0.584381 0.000000 0.811479 1.000000 1.000000 1.000000
3499.380127 0.000000 615.937988 0.000000 0.830029 0.000000 0.557720 1.000000 1.000000 1.000000
3459.995117 0.000000 608.876465 0.000000 0.847337 0.000000 0.531055 1.000000 1.000000 1.000000
3485.673828 0.000000 615.431946 0.000000 0.567082 0.000000 0.823662 1.000000 1.000000 1.000000
3476.358643 0.000000 593.702881 0.000000 0.490161 0.000000 0.871632 1.000000 1.000000 1.000000
3458.859131 0.000000 581.730774 0.000000 0.380563 0.000000 0.924755 1.000000 1.000000 1.000000
3511.196289 0.000000 603.018066 0.000000 0.777456 0.000000 0.628937 1.000000 1.000000 1.000000
3455.699219 0.000000 588.346985 0.000000 0.749638 0.000000 0.661848 1.000000 1.000000 1.000000
3467.361572 0.000000 609.026794 0.000000 0.862711 0.000000 0.505698 1.000000 1.000000 1.000000
3455.603027 0.000000 582.543274 0.000000 0.039915 0.000000 0.999203 1.000000 1.000000 1.000000
3461.466064 0.000000 583.754761 0.000000 0.621435 0.000000 0.783466 1.000000 1.000000 1.000000
3470.734131 0.000000 590.488708 0.000000 0.291163 0.000000 0.956673 1.000000 1.000000 1.000000
3477.796631 0.000000 612.127563 0.000000 0.952071 0.000000 0.305877 1.000000 1.000000 1.000000
3489.586670 0.000000 605.026428 0.000000 0.577368 0.000000 0.816484 1.000000 1.000000 1.000000
3504.118652 0.000000 601.015869 0.000000 0.998247 0.000000 0.059193 1.000000 1.000000 1.000000
3509.948242 0.000000 630.634399 0.000000 0.999325 0.000000 0.036730 1.000000 1.000000 1.000000
3463.580566 0.000000 601.981079 0.000000 0.568505 0.000000 0.822680 1.000000 1.000000 1.000000
3468.064209 0.000000 584.726868 0.000000 0.976808 0.000000 0.214117 1.000000 1.000000 1.000000
3490.329834 0.000000 619.888184 0.000000 0.450134 0.000000 0.892961 1.000000 1.000000 1.000000
3516.469971 0.000000 624.182983 0.000000 0.518352 0.000000 0.855168 1.000000 1.000000 1.000000
3480.097656 0.000000 601.173401 0.000000 0.711660 0.000000 0.702524 1.000000 1.000000 1.000000
3458.386475 0.000000 615.801636 0.000000 0.040932 0.000000 0.999162 1.000000 1.000000 1.000000
3515.019043 0.000000 614.480103 0.000000 0.210250 0.000000 0.977648 1.000000 1.000000 1.000000
3480.407959 0.000000 609.530518 0.000000 0.150119 0.000000 0.988668 1.000000 1.000000 1.000000
3478.892822 0.000000 604.394226 0.000000 0.161733 0.000000 0.986835 1.000000 1.000000 1.000000
3469.621094 0.000000 600.422241 0.000000 0.976735 0.000000 0.214450 1.000000 1.000000 1.000000
3489.625977 0.000000 610.877991 0.000000 0.643888 0.000000 0.765120 1.000000 1.000000 1.000000
3484.285889 0.000000 602.160339 0.000000 0.170305 0.000000 0.985391 1.000000 1.000000 1.000000
3466.095703 0.000000 603.695984 0.000000 0.488448 0.000000 0.872593 1.000000 1.000000 1.000000
3459.811768 0.000000 591.753357 0.000000 0.462959 0.000000 0.886380 1.000000 1.000000 1.000000
3516.456787 0.000000 629.321472 0.000000 0.519625 0.000000 0.854394 1.000000 1.000000 1.000000
3513.994385 0.000000 617.745422 0.000000 0.837041 0.000000 0.547141 1.000000 1.000000 1.000000
3468.757324 0.000000 602.925232 0.000000 0.713658 0.000000 0.700494 1.000000 1.000000 1.000000
3507.778809 0.000000 603.556763 0.000000 0.831692 0.000000 0.555237 1.000000 1.000000 1.000000
3491.118408 0.000000 607.102966 0.000000 0.001030 0.000000 0.999999 1.000000 1.000000 1.000000
3483.755127 0.000000 619.860535 0.000000 0.715450 0.000000 0.698664 1.000000 1.000000 1.000000
3515.304688 0.000000 622.049377 0.000000 0.237329 0.000000 0.971429 1.000000 1.000000 1.000000
3473.427246 0.000000 607.895630 0.000000 0.799181 0.000000 0.601090 1.000000 1.000000 1.000000
3474.890869 0.000000 603.302795 0.000000 0.937688 0.000000 0.347478 1.000000 1.000000 1.000000
3478.700928 0.000000 592.648071 0.000000 0.994733 0.000000 0.102497 1.000000 1.000000 1.000000
3489.136230 0.000000 585.669739 0.000000 0.514434 0.000000 0.857530 1.000000 1.000000 1.000000
3512.721191 0.000000 613.120972 0.000000 0.972417 0.000000 0.233248 1.000000 1.000000 1.000000
3485.093994 0.000000 617.781982 0.000000 0.151880 0.000000 0.988399 1.000000 1.000000 1.000000
3478.966553 0.000000 614.153687 0.000000 0.671441 0.000000 0.741058 1.000000 1.000000 1.000000
3476.767822 0.000000 605.260498 0.000000 0.739586 0.000000 0.673062 1.000000 1.000000 1.000000
3469.385254 0.000000 607.378235 0.000000 0.068213 0.000000 0.997671 1.000000 1.000000 1.000000
3518.685303 0.000000 629.690063 0.000000 0.999985 0.000000 0.005539 1.000000 1.000000 1.000000
3455.650146 0.000000 585.108276 0.000000 0.450276 0.000000 0.892890 1.000000 1.000000 1.000000
3463.089111 0.000000 585.332031 0.000000 0.987100 0.000000 0.160106 1.000000 1.000000 1.000000
3474.697998 0.000000 595.206726 0.000000 0.225578 0.000000 0.974225 1.000000 1.000000 1.000000
3518.664795 0.000000 624.865784 0.000000 0.590650 0.000000 0.806928 1.000000 1.000000 1.000000
3481.298096 0.000000 596.098389 0.000000 0.902725 0.000000 0.430217 1.000000 1.000000 1.000000
3483.343506 0.000000 615.321533 0.000000 0.289071 0.000000 0.957308 1.000000 1.000000 1.000000
3461.052490 0.000000 589.145569 0.000000 0.099593 0.000000 0.995028 1.000000 1.000000 1.000000
3471.966797 0.000000 588.387512 0.000000 0.950862 0.000000 0.309616 1.000000 1.000000 1.000000
3455.614746 0.000000 612.506226 0.000000 0.633805 0.000000 0.773493 1.000000 1.000000 1.000000
3487.808105 0.000000 606.209595 0.000000 0.806022 0.000000 0.591886 1.000000 1.000000 1.000000
3472.812988 0.000000 590.905823 0.000000 0.965632 0.000000 0.259912 1.000000 1.000000 1.000000
3457.504395 0.000000 583.230103 0.000000 0.997368 0.000000 0.072510 1.000000 1.000000 1.000000
3457.594482 0.000000 587.433411 0.000000 0.438193 0.000000 0.898881 1.000000 1.000000 1.000000
3463.569336 0.000000 587.305298 0.000000 0.431845 0.000000 0.901948 1.000000 1.000000 1.000000
3509.937012 0.000000 601.393799 0.000000 0.572958 0.000000 0.819585 1.000000 1.000000 1.000000
3476.580811 0.000000 595.721619 0.000000 0.918992 0.000000 0.394277 1.000000 1.000000 1.000000
3508.004395 0.000000 607.815674 0.000000 0.349602 0.000000 0.936898 1.000000 1.000000 1.000000
3469.231689 0.000000 609.459167 0.000000 0.131479 0.000000 0.991319 1.000000 1.000000 1.000000
3502.769287 0.000000 599.632996 0.000000 0.555914 0.000000 0.831240 1.000000 1.000000 1.000000
3509.591797 0.000000 604.154724 0.000000 0.432884 0.000000 0.901450 1.000000 1.000000 1.000000
3457.807373 0.000000 576.889465 0.000000 0.808225 0.000000 0.588874 1.000000 1.000000 1.000000
3490.983398 0.000000 617.545959 0.000000 0.559253 0.000000 0.828997 1.000000 1.000000 1.000000
3459.445312 0.000000 583.524841 0.000000 0.724439 0.000000 0.689339 1.000000 1.000000 1.000000
3467.277832 0.000000 607.168640 0.000000 0.109354 0.000000 0.994003 1.000000 1.000000 1.000000
3465.022217 0.000000 614.146912 0.000000 0.964070 0.000000 0.265647 1.000000 1.000000 1.000000
3514.063232 0.000000 619.594482 0.000000 0.740348 0.000000 0.672224 1.000000 1.000000 1.000000
3480.794434 0.000000 617.140259 0.000000 0.118831 0.000000 0.992915 1.000000 1.000000 1.000000
3510.982666 0.000000 614.158813 0.000000 0.630825 0.000000 0.775926 1.000000 1.000000 1.000000
3468.309326 0.000000 586.552307 0.000000 0.602719 0.000000 0.797954 1.000000 1.000000 1.000000
3512.251709 0.000000 617.362183 0.000000 0.947584 0.000000 0.319508 1.000000 1.000000 1.000000
3462.234131 0.000000 598.988342 0.000000 0.983286 0.000000 0.182066 1.000000 1.000000 1.000000
3464.872559 0.000000 600.789795 0.000000 0.415112 0.000000 0.909770 1.000000 1.000000 1.000000
3514.584717 0.000000 624.710693 0.000000 0.972198 0.000000 0.234160 1.000000 1.000000 1.000000
3470.943115 0.000000 614.540649 0.000000 0.742293 0.000000 0.670075 1.000000 1.000000 1.000000
3462.879150 0.000000 588.946655 0.000000 0.730912 0.000000 0.682472 1.000000 1.000000 1.000000
3491.604492 0.000000 610.471802 0.000000 0.746794 0.000000 0.665056 1.000000 1.000000 1.000000
3473.484863 0.000000 602.223389 0.000000 0.973307 0.000000 0.229509 1.000000 1.000000 1.000000
3504.227539 0.000000 602.728455 0.000000 0.971208 0.000000 0.238234 1.000000 1.000000 1.000000
3479.003662 0.000000 597.555664 0.000000 0.685789 0.000000 0.727801 1.000000 1.000000 1.000000
3516.297119 0.000000 625.868652 0.000000 0.327994 0.000000 0.944680 1.000000 1.000000 1.000000
3484.793701 0.000000 603.838257 0.000000 0.693617 0.000000 0.720344 1.000000 1.000000 1.000000
3480.213867 0.000000 607.851868 0.000000 0.002060 0.000000 0.999998 1.000000 1.000000 1.000000
3502.216553 0.000000 598.006958 0.000000 0.945382 0.000000 0.325965 1.000000 1.000000 1.000000
3479.535645 0.000000 599.580688 0.000000 0.999827 0.000000 0.018581 1.000000 1.000000 1.000000
3464.367432 0.000000 603.452148 0.000000 0.965849 0.000000 0.259104 1.000000 1.000000 1.000000
3455.645020 0.000000 590.861633 0.000000 0.986455 0.000000 0.164033 1.000000 1.000000 1.000000
3466.850586 0.000000 585.833130 0.000000 0.827298 0.000000 0.561763 1.000000 1.000000 1.000000
3510.120361 0.000000 609.525330 0.000000 0.600177 0.000000 0.799867 1.000000 1.000000 1.000000
3470.157959 0.000000 602.156189 0.000000 0.987247 0.000000 0.159194 1.000000 1.000000 1.000000
3467.144043 0.000000 602.468262 0.000000 0.447204 0.000000 0.894432 1.000000 1.000000 1.000000
3519.778076 0.000000 622.294678 0.000000 0.897094 0.000000 0.441839 1.000000 1.000000 1.000000
3521.204834 0.000000 629.578979 0.000000 0.022525 0.000000 0.999746 1.000000 1.000000 1.000000
3521.536377 0.000000 624.757141 0.000000 0.617109 0.000000 0.786878 1.000000 1.000000 1.000000
3519.608887 0.000000 629.135681 0.000000 0.244035 0.000000 0.969766 1.000000 1.000000 1.000000
"}
object={
	name="tree_cypress_01_generator_1_1"
	render_pass=Map
	clamp_to_water_level=no
	generated_content=yes
	layer="tree_high_layer"
	pdxmesh="tree_cypress_01_b_mesh"
	count=184
	transform="3446.957764 0.000000 532.401306 0.000000 0.770169 0.000000 -0.637839 1.000000 1.000000 1.000000
3439.439209 0.000000 520.749268 0.000000 0.931073 0.000000 -0.364833 1.000000 1.000000 1.000000
3438.158936 0.000000 529.205811 0.000000 0.696448 0.000000 -0.717607 1.000000 1.000000 1.000000
3436.219727 0.000000 524.533508 0.000000 0.961536 0.000000 -0.274678 1.000000 1.000000 1.000000
3445.698730 0.000000 527.656067 0.000000 0.999882 0.000000 -0.015355 1.000000 1.000000 1.000000
3422.312500 0.000000 556.069031 0.000000 0.829455 0.000000 -0.558573 1.000000 1.000000 1.000000
3453.896484 0.000000 552.020203 0.000000 0.891901 0.000000 -0.452230 1.000000 1.000000 1.000000
3449.688965 0.000000 529.666626 0.000000 0.813001 0.000000 -0.582263 1.000000 1.000000 1.000000
3441.014893 0.000000 556.380554 0.000000 0.935168 0.000000 -0.354205 1.000000 1.000000 1.000000
3423.789551 0.000000 575.624268 0.000000 0.981061 0.000000 -0.193701 1.000000 1.000000 1.000000
3451.026855 0.000000 550.495728 0.000000 0.752068 0.000000 -0.659085 1.000000 1.000000 1.000000
3414.708008 0.000000 568.950195 0.000000 0.992809 0.000000 -0.119711 1.000000 1.000000 1.000000
3434.180420 0.000000 522.533813 0.000000 0.899875 0.000000 -0.436147 1.000000 1.000000 1.000000
3436.944092 0.000000 535.145020 0.000000 0.691145 0.000000 -0.722716 1.000000 1.000000 1.000000
3425.136475 0.000000 561.455322 0.000000 0.917441 0.000000 -0.397872 1.000000 1.000000 1.000000
3442.359375 0.000000 551.075073 0.000000 0.684098 0.000000 -0.729390 1.000000 1.000000 1.000000
3418.082031 0.000000 569.978027 0.000000 0.674176 0.000000 -0.738571 1.000000 1.000000 1.000000
3443.488770 0.000000 528.403748 0.000000 0.603765 0.000000 -0.797162 1.000000 1.000000 1.000000
3439.394531 0.000000 557.850281 0.000000 0.985359 0.000000 -0.170494 1.000000 1.000000 1.000000
3414.562744 0.000000 571.977600 0.000000 0.775746 0.000000 -0.631045 1.000000 1.000000 1.000000
3454.901367 0.000000 546.139526 0.000000 0.993184 0.000000 -0.116555 1.000000 1.000000 1.000000
3424.343262 0.000000 556.704346 0.000000 0.994795 0.000000 -0.101894 1.000000 1.000000 1.000000
3448.772461 0.000000 545.620117 0.000000 0.977957 0.000000 -0.208805 1.000000 1.000000 1.000000
3441.210205 0.000000 549.413574 0.000000 0.777601 0.000000 -0.628758 1.000000 1.000000 1.000000
3438.777100 0.000000 535.648621 0.000000 0.590486 0.000000 -0.807048 1.000000 1.000000 1.000000
3451.181396 0.000000 548.640564 0.000000 0.884252 0.000000 -0.467010 1.000000 1.000000 1.000000
3419.260742 0.000000 568.670349 0.000000 0.958599 0.000000 -0.284759 1.000000 1.000000 1.000000
3428.058105 0.000000 568.358643 0.000000 0.631171 0.000000 -0.775643 1.000000 1.000000 1.000000
3424.050293 0.000000 560.046143 0.000000 0.846819 0.000000 -0.531881 1.000000 1.000000 1.000000
3440.159668 0.000000 529.517212 0.000000 0.789712 0.000000 -0.613477 1.000000 1.000000 1.000000
3423.939697 0.000000 573.773865 0.000000 0.914431 0.000000 -0.404742 1.000000 1.000000 1.000000
3450.478760 0.000000 542.234131 0.000000 0.805276 0.000000 -0.592900 1.000000 1.000000 1.000000
3439.596436 0.000000 527.848755 0.000000 0.990819 0.000000 -0.135192 1.000000 1.000000 1.000000
3428.952393 0.000000 564.766602 0.000000 0.787845 0.000000 -0.615874 1.000000 1.000000 1.000000
3434.579102 0.000000 524.130920 0.000000 0.740871 0.000000 -0.671647 1.000000 1.000000 1.000000
3414.100098 0.000000 570.422546 0.000000 0.763888 0.000000 -0.645349 1.000000 1.000000 1.000000
3448.829834 0.000000 542.635742 0.000000 0.995676 0.000000 -0.092899 1.000000 1.000000 1.000000
3426.180664 0.000000 560.214844 0.000000 0.952188 0.000000 -0.305513 1.000000 1.000000 1.000000
3452.547119 0.000000 549.609009 0.000000 0.782247 0.000000 -0.622969 1.000000 1.000000 1.000000
3454.164551 0.000000 547.443359 0.000000 0.648084 0.000000 -0.761569 1.000000 1.000000 1.000000
3443.282959 0.000000 612.693787 0.000000 0.831581 0.000000 -0.555404 1.000000 1.000000 1.000000
3449.996826 0.000000 589.384888 0.000000 0.998582 0.000000 -0.053233 1.000000 1.000000 1.000000
3433.127686 0.000000 592.271545 0.000000 0.783978 0.000000 -0.620788 1.000000 1.000000 1.000000
3400.387451 0.000000 596.187500 0.000000 0.985302 0.000000 -0.170820 1.000000 1.000000 1.000000
3453.233398 0.000000 576.665894 0.000000 0.645284 0.000000 -0.763943 1.000000 1.000000 1.000000
3415.067627 0.000000 581.162354 0.000000 0.959514 0.000000 -0.281661 1.000000 1.000000 1.000000
3445.698730 0.000000 591.640442 0.000000 0.921407 0.000000 -0.388600 1.000000 1.000000 1.000000
3417.044434 0.000000 577.521912 0.000000 0.803503 0.000000 -0.595301 1.000000 1.000000 1.000000
3447.204102 0.000000 603.018066 0.000000 0.896939 0.000000 -0.442155 1.000000 1.000000 1.000000
3454.771973 0.000000 582.762329 0.000000 0.696433 0.000000 -0.717621 1.000000 1.000000 1.000000
3424.161621 0.000000 577.664856 0.000000 0.957546 0.000000 -0.288281 1.000000 1.000000 1.000000
3397.032227 0.000000 603.964294 0.000000 0.985497 0.000000 -0.169695 1.000000 1.000000 1.000000
3421.730469 0.000000 580.513367 0.000000 0.941025 0.000000 -0.338337 1.000000 1.000000 1.000000
3420.293701 0.000000 602.160339 0.000000 0.672894 0.000000 -0.739739 1.000000 1.000000 1.000000
3402.982666 0.000000 594.654785 0.000000 0.831945 0.000000 -0.554857 1.000000 1.000000 1.000000
3431.016113 0.000000 575.913208 0.000000 0.909972 0.000000 -0.414669 1.000000 1.000000 1.000000
3445.260010 0.000000 594.268677 0.000000 0.940211 0.000000 -0.340594 1.000000 1.000000 1.000000
3424.382080 0.000000 602.534058 0.000000 0.756270 0.000000 -0.654260 1.000000 1.000000 1.000000
3450.975586 0.000000 591.598022 0.000000 0.812309 0.000000 -0.583227 1.000000 1.000000 1.000000
3452.113281 0.000000 594.501099 0.000000 0.952707 0.000000 -0.303891 1.000000 1.000000 1.000000
3448.294922 0.000000 591.764160 0.000000 0.958622 0.000000 -0.284684 1.000000 1.000000 1.000000
3451.957275 0.000000 584.449402 0.000000 0.748317 0.000000 -0.663342 1.000000 1.000000 1.000000
3445.574707 0.000000 612.863892 0.000000 0.608670 0.000000 -0.793424 1.000000 1.000000 1.000000
3447.312256 0.000000 605.986450 0.000000 0.987884 0.000000 -0.155195 1.000000 1.000000 1.000000
3431.118652 0.000000 609.160767 0.000000 0.906252 0.000000 -0.422737 1.000000 1.000000 1.000000
3416.595459 0.000000 579.644287 0.000000 0.605750 0.000000 -0.795655 1.000000 1.000000 1.000000
3419.116455 0.000000 578.336426 0.000000 0.907780 0.000000 -0.419447 1.000000 1.000000 1.000000
3406.706543 0.000000 595.208008 0.000000 0.979089 0.000000 -0.203434 1.000000 1.000000 1.000000
3454.901367 0.000000 610.123901 0.000000 0.748798 0.000000 -0.662799 1.000000 1.000000 1.000000
3401.334473 0.000000 590.948364 0.000000 0.936891 0.000000 -0.349622 1.000000 1.000000 1.000000
3423.951660 0.000000 579.712036 0.000000 0.814669 0.000000 -0.579927 1.000000 1.000000 1.000000
3440.690674 0.000000 586.497253 0.000000 0.930500 0.000000 -0.366293 1.000000 1.000000 1.000000
3444.012207 0.000000 607.815674 0.000000 0.700618 0.000000 -0.713536 1.000000 1.000000 1.000000
3420.197998 0.000000 581.652222 0.000000 0.999934 0.000000 -0.011490 1.000000 1.000000 1.000000
3442.753906 0.000000 587.971375 0.000000 0.977699 0.000000 -0.210013 1.000000 1.000000 1.000000
3402.206543 0.000000 596.336548 0.000000 0.772210 0.000000 -0.635367 1.000000 1.000000 1.000000
3448.737793 0.000000 595.781433 0.000000 0.951574 0.000000 -0.307421 1.000000 1.000000 1.000000
3398.241943 0.000000 598.988342 0.000000 0.867197 0.000000 -0.497965 1.000000 1.000000 1.000000
3413.642822 0.000000 580.206421 0.000000 0.732689 0.000000 -0.680564 1.000000 1.000000 1.000000
3404.754150 0.000000 594.982239 0.000000 0.949365 0.000000 -0.314175 1.000000 1.000000 1.000000
3425.195312 0.000000 576.381165 0.000000 0.972270 0.000000 -0.233860 1.000000 1.000000 1.000000
3451.870361 0.000000 592.884399 0.000000 0.897707 0.000000 -0.440593 1.000000 1.000000 1.000000
3422.649902 0.000000 577.349487 0.000000 0.932493 0.000000 -0.361189 1.000000 1.000000 1.000000
3461.139893 0.000000 570.431030 0.000000 0.639696 0.000000 -0.768628 1.000000 1.000000 1.000000
3456.292236 0.000000 546.040649 0.000000 0.987529 0.000000 -0.157439 1.000000 1.000000 1.000000
3477.643066 0.000000 556.497742 0.000000 0.750801 0.000000 -0.660529 1.000000 1.000000 1.000000
3455.612305 0.000000 550.676208 0.000000 0.828448 0.000000 -0.560066 1.000000 1.000000 1.000000
3474.330566 0.000000 554.233643 0.000000 0.998771 0.000000 -0.049561 1.000000 1.000000 1.000000
3467.361572 0.000000 545.042419 0.000000 0.999803 0.000000 -0.019867 1.000000 1.000000 1.000000
3455.653076 0.000000 542.950439 0.000000 0.926471 0.000000 -0.376367 1.000000 1.000000 1.000000
3475.051270 0.000000 573.720642 0.000000 0.955705 0.000000 -0.294327 1.000000 1.000000 1.000000
3468.747803 0.000000 547.477966 0.000000 0.987722 0.000000 -0.156221 1.000000 1.000000 1.000000
3469.277832 0.000000 574.739075 0.000000 0.988162 0.000000 -0.153415 1.000000 1.000000 1.000000
3482.074219 0.000000 569.978027 0.000000 0.808157 0.000000 -0.588967 1.000000 1.000000 1.000000
3455.614746 0.000000 548.521851 0.000000 0.949295 0.000000 -0.314387 1.000000 1.000000 1.000000
3463.901611 0.000000 568.611694 0.000000 0.996165 0.000000 -0.087490 1.000000 1.000000 1.000000
3471.109863 0.000000 575.849060 0.000000 0.985301 0.000000 -0.170827 1.000000 1.000000 1.000000
3475.645752 0.000000 555.687500 0.000000 0.906625 0.000000 -0.421937 1.000000 1.000000 1.000000
3473.359131 0.000000 572.917725 0.000000 0.697772 0.000000 -0.716320 1.000000 1.000000 1.000000
3487.931885 0.000000 573.773865 0.000000 0.716350 0.000000 -0.697742 1.000000 1.000000 1.000000
3457.080566 0.000000 591.715820 0.000000 0.806149 0.000000 -0.591712 1.000000 1.000000 1.000000
3503.856445 0.000000 597.802673 0.000000 0.949232 0.000000 -0.314578 1.000000 1.000000 1.000000
3478.551758 0.000000 607.291260 0.000000 0.975704 0.000000 -0.219095 1.000000 1.000000 1.000000
3492.783203 0.000000 621.776978 0.000000 0.980600 0.000000 -0.196020 1.000000 1.000000 1.000000
3472.644775 0.000000 593.276978 0.000000 0.982555 0.000000 -0.185973 1.000000 1.000000 1.000000
3455.950928 0.000000 579.152466 0.000000 0.980191 0.000000 -0.198055 1.000000 1.000000 1.000000
3482.547852 0.000000 617.664856 0.000000 0.651224 0.000000 -0.758886 1.000000 1.000000 1.000000
3465.253662 0.000000 586.104858 0.000000 0.619592 0.000000 -0.784924 1.000000 1.000000 1.000000
3466.950928 0.000000 613.667419 0.000000 0.622754 0.000000 -0.782418 1.000000 1.000000 1.000000
3456.292236 0.000000 610.025024 0.000000 0.999718 0.000000 -0.023726 1.000000 1.000000 1.000000
3471.784180 0.000000 602.446960 0.000000 0.985300 0.000000 -0.170831 1.000000 1.000000 1.000000
3509.097656 0.000000 606.082275 0.000000 0.850422 0.000000 -0.526101 1.000000 1.000000 1.000000
3478.305908 0.000000 590.179077 0.000000 0.733057 0.000000 -0.680168 1.000000 1.000000 1.000000
3485.082764 0.000000 577.583008 0.000000 0.968392 0.000000 -0.249434 1.000000 1.000000 1.000000
3462.366699 0.000000 580.546814 0.000000 0.999053 0.000000 -0.043515 1.000000 1.000000 1.000000
3508.029785 0.000000 600.961914 0.000000 0.717829 0.000000 -0.696220 1.000000 1.000000 1.000000
3518.937012 0.000000 631.929199 0.000000 0.942499 0.000000 -0.334209 1.000000 1.000000 1.000000
3496.737061 0.000000 606.014038 0.000000 0.851907 0.000000 -0.523692 1.000000 1.000000 1.000000
3455.612305 0.000000 614.660583 0.000000 0.679407 0.000000 -0.733761 1.000000 1.000000 1.000000
3468.184326 0.000000 605.493164 0.000000 0.799538 0.000000 -0.600616 1.000000 1.000000 1.000000
3473.953125 0.000000 589.167542 0.000000 0.845273 0.000000 -0.534335 1.000000 1.000000 1.000000
3503.752441 0.000000 615.308105 0.000000 0.992951 0.000000 -0.118524 1.000000 1.000000 1.000000
3508.087402 0.000000 626.405029 0.000000 0.731235 0.000000 -0.682126 1.000000 1.000000 1.000000
3511.866455 0.000000 619.617493 0.000000 0.891359 0.000000 -0.453298 1.000000 1.000000 1.000000
3505.277832 0.000000 604.243042 0.000000 0.816378 0.000000 -0.577518 1.000000 1.000000 1.000000
3473.108154 0.000000 575.865173 0.000000 0.737996 0.000000 -0.674805 1.000000 1.000000 1.000000
3488.240723 0.000000 591.263000 0.000000 0.730269 0.000000 -0.683160 1.000000 1.000000 1.000000
3471.360596 0.000000 612.757812 0.000000 0.921013 0.000000 -0.389531 1.000000 1.000000 1.000000
3508.494629 0.000000 609.672424 0.000000 0.818843 0.000000 -0.574018 1.000000 1.000000 1.000000
3499.942871 0.000000 608.931763 0.000000 0.726839 0.000000 -0.686808 1.000000 1.000000 1.000000
3464.799072 0.000000 582.759216 0.000000 0.769215 0.000000 -0.638990 1.000000 1.000000 1.000000
3458.040527 0.000000 612.556274 0.000000 0.605208 0.000000 -0.796068 1.000000 1.000000 1.000000
3478.566162 0.000000 595.896973 0.000000 0.923957 0.000000 -0.382497 1.000000 1.000000 1.000000
3488.523193 0.000000 613.777100 0.000000 0.925862 0.000000 -0.377861 1.000000 1.000000 1.000000
3477.823486 0.000000 599.061096 0.000000 0.684448 0.000000 -0.729062 1.000000 1.000000 1.000000
3485.970947 0.000000 607.179810 0.000000 0.898907 0.000000 -0.438140 1.000000 1.000000 1.000000
3487.079834 0.000000 584.451538 0.000000 0.999906 0.000000 -0.013708 1.000000 1.000000 1.000000
3481.088867 0.000000 606.328308 0.000000 0.729504 0.000000 -0.683976 1.000000 1.000000 1.000000
3492.040039 0.000000 615.605774 0.000000 0.864774 0.000000 -0.502161 1.000000 1.000000 1.000000
3461.507568 0.000000 606.596558 0.000000 0.860944 0.000000 -0.508700 1.000000 1.000000 1.000000
3465.377686 0.000000 607.273438 0.000000 0.934912 0.000000 -0.354879 1.000000 1.000000 1.000000
3474.776611 0.000000 591.612610 0.000000 0.961116 0.000000 -0.276145 1.000000 1.000000 1.000000
3502.675293 0.000000 603.681885 0.000000 0.992800 0.000000 -0.119782 1.000000 1.000000 1.000000
3506.040527 0.000000 599.409119 0.000000 0.601874 0.000000 -0.798591 1.000000 1.000000 1.000000
3469.146973 0.000000 614.810669 0.000000 0.943488 0.000000 -0.331408 1.000000 1.000000 1.000000
3473.767578 0.000000 612.060974 0.000000 0.898351 0.000000 -0.439278 1.000000 1.000000 1.000000
3499.175293 0.000000 606.507202 0.000000 0.692690 0.000000 -0.721236 1.000000 1.000000 1.000000
3472.839600 0.000000 614.828613 0.000000 0.858376 0.000000 -0.513021 1.000000 1.000000 1.000000
3486.289795 0.000000 589.680603 0.000000 0.704925 0.000000 -0.709282 1.000000 1.000000 1.000000
3457.868164 0.000000 607.786377 0.000000 0.636091 0.000000 -0.771614 1.000000 1.000000 1.000000
3488.882812 0.000000 587.938477 0.000000 0.778576 0.000000 -0.627550 1.000000 1.000000 1.000000
3487.388184 0.000000 618.080994 0.000000 0.900741 0.000000 -0.434357 1.000000 1.000000 1.000000
3501.166748 0.000000 614.549011 0.000000 0.775709 0.000000 -0.631091 1.000000 1.000000 1.000000
3495.067383 0.000000 617.644287 0.000000 0.840775 0.000000 -0.541385 1.000000 1.000000 1.000000
3511.304443 0.000000 605.986450 0.000000 0.813653 0.000000 -0.581350 1.000000 1.000000 1.000000
3458.143555 0.000000 578.778320 0.000000 0.651901 0.000000 -0.758304 1.000000 1.000000 1.000000
3506.856445 0.000000 628.204834 0.000000 0.858889 0.000000 -0.512161 1.000000 1.000000 1.000000
3463.359375 0.000000 607.978149 0.000000 0.991268 0.000000 -0.131863 1.000000 1.000000 1.000000
3466.183838 0.000000 615.633728 0.000000 0.842605 0.000000 -0.538532 1.000000 1.000000 1.000000
3470.083008 0.000000 604.498169 0.000000 0.766640 0.000000 -0.642077 1.000000 1.000000 1.000000
3486.394775 0.000000 575.931885 0.000000 0.933601 0.000000 -0.358314 1.000000 1.000000 1.000000
3469.437256 0.000000 588.891174 0.000000 0.970897 0.000000 -0.239496 1.000000 1.000000 1.000000
3490.497314 0.000000 609.030396 0.000000 0.613943 0.000000 -0.789350 1.000000 1.000000 1.000000
3502.886475 0.000000 613.471497 0.000000 0.793510 0.000000 -0.608557 1.000000 1.000000 1.000000
3476.816162 0.000000 591.568054 0.000000 0.706301 0.000000 -0.707912 1.000000 1.000000 1.000000
3459.648926 0.000000 606.992737 0.000000 0.859025 0.000000 -0.511933 1.000000 1.000000 1.000000
3462.876953 0.000000 582.407776 0.000000 0.648329 0.000000 -0.761360 1.000000 1.000000 1.000000
3457.023926 0.000000 589.752625 0.000000 0.996632 0.000000 -0.082006 1.000000 1.000000 1.000000
3493.796143 0.000000 616.181152 0.000000 0.747470 0.000000 -0.664295 1.000000 1.000000 1.000000
3508.346191 0.000000 629.407288 0.000000 0.814795 0.000000 -0.579749 1.000000 1.000000 1.000000
3492.447021 0.000000 619.979858 0.000000 0.999127 0.000000 -0.041774 1.000000 1.000000 1.000000
3476.987549 0.000000 614.471008 0.000000 0.998068 0.000000 -0.062138 1.000000 1.000000 1.000000
3477.267822 0.000000 597.367310 0.000000 0.871635 0.000000 -0.490155 1.000000 1.000000 1.000000
3459.350830 0.000000 587.169189 0.000000 0.846568 0.000000 -0.532281 1.000000 1.000000 1.000000
3459.869629 0.000000 612.347046 0.000000 0.894573 0.000000 -0.446922 1.000000 1.000000 1.000000
3462.744873 0.000000 603.542480 0.000000 0.994978 0.000000 -0.100097 1.000000 1.000000 1.000000
3477.975830 0.000000 594.281128 0.000000 0.989118 0.000000 -0.147127 1.000000 1.000000 1.000000
3513.980957 0.000000 615.971252 0.000000 0.994735 0.000000 -0.102483 1.000000 1.000000 1.000000
3459.031982 0.000000 613.990112 0.000000 0.709166 0.000000 -0.705042 1.000000 1.000000 1.000000
3488.079102 0.000000 589.510437 0.000000 0.955399 0.000000 -0.295317 1.000000 1.000000 1.000000
3465.494141 0.000000 584.427185 0.000000 0.999923 0.000000 -0.012383 1.000000 1.000000 1.000000
3488.228760 0.000000 609.905273 0.000000 0.761529 0.000000 -0.648131 1.000000 1.000000 1.000000
3462.546387 0.000000 600.668823 0.000000 0.891266 0.000000 -0.453480 1.000000 1.000000 1.000000
3500.694824 0.000000 610.587463 0.000000 0.743145 0.000000 -0.669131 1.000000 1.000000 1.000000
"}
object={
	name="tree_cypress_01_generator_1_2"
	render_pass=Map
	clamp_to_water_level=no
	generated_content=yes
	layer="tree_high_layer"
	pdxmesh="tree_cypress_01_c_mesh"
	count=123
	transform="3422.900879 0.000000 567.808777 0.000000 0.084934 0.000000 -0.996387 1.000000 1.000000 1.000000
3420.090332 0.000000 574.848328 0.000000 0.210100 0.000000 -0.977680 1.000000 1.000000 1.000000
3425.837158 0.000000 573.028015 0.000000 0.440159 0.000000 -0.897920 1.000000 1.000000 1.000000
3439.828857 0.000000 560.074036 0.000000 0.130387 0.000000 -0.991463 1.000000 1.000000 1.000000
3437.006836 0.000000 537.745178 0.000000 0.417968 0.000000 -0.908462 1.000000 1.000000 1.000000
3442.640137 0.000000 530.604614 0.000000 0.289892 0.000000 -0.957059 1.000000 1.000000 1.000000
3439.760254 0.000000 551.323730 0.000000 0.509789 0.000000 -0.860299 1.000000 1.000000 1.000000
3446.816650 0.000000 535.656250 0.000000 0.333858 0.000000 -0.942623 1.000000 1.000000 1.000000
3437.432373 0.000000 532.433594 0.000000 0.425757 0.000000 -0.904837 1.000000 1.000000 1.000000
3447.111572 0.000000 544.280457 0.000000 0.389611 0.000000 -0.920979 1.000000 1.000000 1.000000
3445.260010 0.000000 530.284302 0.000000 0.378621 0.000000 -0.925552 1.000000 1.000000 1.000000
3437.190674 0.000000 519.295654 0.000000 0.518781 0.000000 -0.854907 1.000000 1.000000 1.000000
3448.446777 0.000000 566.735291 0.000000 0.114097 0.000000 -0.993470 1.000000 1.000000 1.000000
3433.510498 0.000000 575.806152 0.000000 0.215747 0.000000 -0.976449 1.000000 1.000000 1.000000
3451.908447 0.000000 543.189331 0.000000 0.483671 0.000000 -0.875250 1.000000 1.000000 1.000000
3454.071777 0.000000 549.896118 0.000000 0.484347 0.000000 -0.874876 1.000000 1.000000 1.000000
3438.894287 0.000000 549.487122 0.000000 0.078901 0.000000 -0.996882 1.000000 1.000000 1.000000
3426.677246 0.000000 562.210938 0.000000 0.203057 0.000000 -0.979167 1.000000 1.000000 1.000000
3438.224365 0.000000 534.022583 0.000000 0.028384 0.000000 -0.999597 1.000000 1.000000 1.000000
3438.673340 0.000000 537.924194 0.000000 0.258778 0.000000 -0.965937 1.000000 1.000000 1.000000
3435.760254 0.000000 523.000916 0.000000 0.441400 0.000000 -0.897310 1.000000 1.000000 1.000000
3421.786621 0.000000 571.335510 0.000000 0.371183 0.000000 -0.928560 1.000000 1.000000 1.000000
3428.934082 0.000000 608.989807 0.000000 0.411751 0.000000 -0.911296 1.000000 1.000000 1.000000
3413.160645 0.000000 576.213379 0.000000 0.320306 0.000000 -0.947314 1.000000 1.000000 1.000000
3451.250488 0.000000 582.236877 0.000000 0.415663 0.000000 -0.909519 1.000000 1.000000 1.000000
3453.015869 0.000000 596.682983 0.000000 0.423648 0.000000 -0.905827 1.000000 1.000000 1.000000
3433.020996 0.000000 577.930603 0.000000 0.503356 0.000000 -0.864079 1.000000 1.000000 1.000000
3403.443848 0.000000 591.287964 0.000000 0.154068 0.000000 -0.988060 1.000000 1.000000 1.000000
3396.947266 0.000000 600.185852 0.000000 0.553440 0.000000 -0.832889 1.000000 1.000000 1.000000
3397.074463 0.000000 594.181763 0.000000 0.400463 0.000000 -0.916313 1.000000 1.000000 1.000000
3411.949707 0.000000 579.489929 0.000000 0.208527 0.000000 -0.978017 1.000000 1.000000 1.000000
3406.741943 0.000000 590.488708 0.000000 0.393699 0.000000 -0.919239 1.000000 1.000000 1.000000
3425.594482 0.000000 605.026428 0.000000 0.413098 0.000000 -0.910686 1.000000 1.000000 1.000000
3435.295410 0.000000 594.536316 0.000000 0.031830 0.000000 -0.999493 1.000000 1.000000 1.000000
3405.504150 0.000000 593.444153 0.000000 0.504055 0.000000 -0.863672 1.000000 1.000000 1.000000
3400.193604 0.000000 599.167786 0.000000 0.368939 0.000000 -0.929454 1.000000 1.000000 1.000000
3444.190918 0.000000 589.138794 0.000000 0.237768 0.000000 -0.971322 1.000000 1.000000 1.000000
3450.449707 0.000000 596.203674 0.000000 0.079051 0.000000 -0.996871 1.000000 1.000000 1.000000
3414.646729 0.000000 578.574402 0.000000 0.151740 0.000000 -0.988420 1.000000 1.000000 1.000000
3442.359375 0.000000 615.059448 0.000000 0.565394 0.000000 -0.824821 1.000000 1.000000 1.000000
3430.383057 0.000000 606.934448 0.000000 0.545261 0.000000 -0.838266 1.000000 1.000000 1.000000
3454.467285 0.000000 594.452026 0.000000 0.190963 0.000000 -0.981597 1.000000 1.000000 1.000000
3443.488770 0.000000 592.388123 0.000000 0.192272 0.000000 -0.981342 1.000000 1.000000 1.000000
3448.489990 0.000000 587.499756 0.000000 0.184864 0.000000 -0.982764 1.000000 1.000000 1.000000
3455.415771 0.000000 591.219788 0.000000 0.370479 0.000000 -0.928841 1.000000 1.000000 1.000000
3444.401855 0.000000 586.787048 0.000000 0.586564 0.000000 -0.809903 1.000000 1.000000 1.000000
3398.682129 0.000000 592.606995 0.000000 0.266016 0.000000 -0.963969 1.000000 1.000000 1.000000
3422.334229 0.000000 578.857910 0.000000 0.456724 0.000000 -0.889609 1.000000 1.000000 1.000000
3403.856445 0.000000 592.960205 0.000000 0.496201 0.000000 -0.868208 1.000000 1.000000 1.000000
3431.386230 0.000000 577.589417 0.000000 0.471436 0.000000 -0.881900 1.000000 1.000000 1.000000
3455.004639 0.000000 587.254883 0.000000 0.139465 0.000000 -0.990227 1.000000 1.000000 1.000000
3445.801514 0.000000 589.326355 0.000000 0.062276 0.000000 -0.998059 1.000000 1.000000 1.000000
3443.600342 0.000000 605.107666 0.000000 0.277503 0.000000 -0.960725 1.000000 1.000000 1.000000
3452.317871 0.000000 610.489929 0.000000 0.578994 0.000000 -0.815332 1.000000 1.000000 1.000000
3466.950928 0.000000 549.683044 0.000000 0.094158 0.000000 -0.995557 1.000000 1.000000 1.000000
3484.246582 0.000000 564.284668 0.000000 0.138709 0.000000 -0.990333 1.000000 1.000000 1.000000
3478.061523 0.000000 574.582458 0.000000 0.385833 0.000000 -0.922569 1.000000 1.000000 1.000000
3484.288574 0.000000 570.571838 0.000000 0.430562 0.000000 -0.902561 1.000000 1.000000 1.000000
3459.995117 0.000000 544.892090 0.000000 0.175990 0.000000 -0.984392 1.000000 1.000000 1.000000
3462.831299 0.000000 573.171631 0.000000 0.476522 0.000000 -0.879162 1.000000 1.000000 1.000000
3486.438721 0.000000 572.844788 0.000000 0.206866 0.000000 -0.978369 1.000000 1.000000 1.000000
3457.212646 0.000000 565.594604 0.000000 0.315871 0.000000 -0.948802 1.000000 1.000000 1.000000
3483.853027 0.000000 566.895203 0.000000 0.510673 0.000000 -0.859775 1.000000 1.000000 1.000000
3465.973633 0.000000 547.338867 0.000000 0.348043 0.000000 -0.937479 1.000000 1.000000 1.000000
3476.762207 0.000000 554.231262 0.000000 0.066727 0.000000 -0.997771 1.000000 1.000000 1.000000
3476.111084 0.000000 552.143921 0.000000 0.229920 0.000000 -0.973210 1.000000 1.000000 1.000000
3468.093262 0.000000 570.015564 0.000000 0.143354 0.000000 -0.989671 1.000000 1.000000 1.000000
3473.856934 0.000000 552.428711 0.000000 0.513576 0.000000 -0.858044 1.000000 1.000000 1.000000
3456.302246 0.000000 544.429443 0.000000 0.481941 0.000000 -0.876204 1.000000 1.000000 1.000000
3457.619385 0.000000 545.241455 0.000000 0.127489 0.000000 -0.991840 1.000000 1.000000 1.000000
3475.203613 0.000000 614.078674 0.000000 0.361460 0.000000 -0.932388 1.000000 1.000000 1.000000
3489.245850 0.000000 616.727966 0.000000 0.296547 0.000000 -0.955018 1.000000 1.000000 1.000000
3460.831055 0.000000 613.891541 0.000000 0.228433 0.000000 -0.973560 1.000000 1.000000 1.000000
3512.272461 0.000000 615.455627 0.000000 0.511111 0.000000 -0.859515 1.000000 1.000000 1.000000
3511.232422 0.000000 633.609863 0.000000 0.355306 0.000000 -0.934750 1.000000 1.000000 1.000000
3460.939453 0.000000 600.185852 0.000000 0.506139 0.000000 -0.862452 1.000000 1.000000 1.000000
3462.402832 0.000000 590.762939 0.000000 0.051167 0.000000 -0.998690 1.000000 1.000000 1.000000
3496.937256 0.000000 619.383057 0.000000 0.157652 0.000000 -0.987495 1.000000 1.000000 1.000000
3491.592041 0.000000 613.000122 0.000000 0.369740 0.000000 -0.929135 1.000000 1.000000 1.000000
3459.747070 0.000000 577.112976 0.000000 0.503706 0.000000 -0.863875 1.000000 1.000000 1.000000
3511.355957 0.000000 611.150757 0.000000 0.230725 0.000000 -0.973019 1.000000 1.000000 1.000000
3478.587402 0.000000 616.398621 0.000000 0.499612 0.000000 -0.866249 1.000000 1.000000 1.000000
3461.566162 0.000000 587.031616 0.000000 0.581123 0.000000 -0.813816 1.000000 1.000000 1.000000
3492.860596 0.000000 618.138611 0.000000 0.543252 0.000000 -0.839570 1.000000 1.000000 1.000000
3464.015869 0.000000 615.784973 0.000000 0.504904 0.000000 -0.863175 1.000000 1.000000 1.000000
3458.923584 0.000000 588.922180 0.000000 0.363516 0.000000 -0.931588 1.000000 1.000000 1.000000
3456.110107 0.000000 576.009216 0.000000 0.511359 0.000000 -0.859367 1.000000 1.000000 1.000000
3455.653076 0.000000 606.934814 0.000000 0.409715 0.000000 -0.912214 1.000000 1.000000 1.000000
3455.649658 0.000000 594.436768 0.000000 0.003349 0.000000 -0.999994 1.000000 1.000000 1.000000
3514.725586 0.000000 626.585693 0.000000 0.033877 0.000000 -0.999426 1.000000 1.000000 1.000000
3471.549561 0.000000 605.989014 0.000000 0.110449 0.000000 -0.993882 1.000000 1.000000 1.000000
3464.185791 0.000000 599.167786 0.000000 0.168043 0.000000 -0.985780 1.000000 1.000000 1.000000
3463.592529 0.000000 612.952698 0.000000 0.494367 0.000000 -0.869253 1.000000 1.000000 1.000000
3511.103760 0.000000 608.264832 0.000000 0.184654 0.000000 -0.982804 1.000000 1.000000 1.000000
3481.104248 0.000000 615.340515 0.000000 0.019747 0.000000 -0.999805 1.000000 1.000000 1.000000
3482.529053 0.000000 600.106262 0.000000 0.183312 0.000000 -0.983055 1.000000 1.000000 1.000000
3510.168945 0.000000 617.619263 0.000000 0.428002 0.000000 -0.903778 1.000000 1.000000 1.000000
3476.076660 0.000000 607.569275 0.000000 0.528830 0.000000 -0.848728 1.000000 1.000000 1.000000
3509.761719 0.000000 628.206116 0.000000 0.261211 0.000000 -0.965282 1.000000 1.000000 1.000000
3486.576660 0.000000 609.408997 0.000000 0.342955 0.000000 -0.939352 1.000000 1.000000 1.000000
3476.111084 0.000000 616.128296 0.000000 0.016493 0.000000 -0.999864 1.000000 1.000000 1.000000
3506.053955 0.000000 602.041382 0.000000 0.109386 0.000000 -0.993999 1.000000 1.000000 1.000000
3499.023438 0.000000 611.036194 0.000000 0.170867 0.000000 -0.985294 1.000000 1.000000 1.000000
3513.257568 0.000000 621.388916 0.000000 0.010792 0.000000 -0.999942 1.000000 1.000000 1.000000
3472.884033 0.000000 604.328979 0.000000 0.519710 0.000000 -0.854343 1.000000 1.000000 1.000000
3460.075195 0.000000 585.517700 0.000000 0.078042 0.000000 -0.996950 1.000000 1.000000 1.000000
3456.946289 0.000000 580.944275 0.000000 0.378621 0.000000 -0.925552 1.000000 1.000000 1.000000
3512.764648 0.000000 609.604492 0.000000 0.136300 0.000000 -0.990668 1.000000 1.000000 1.000000
3461.911621 0.000000 615.712280 0.000000 0.012699 0.000000 -0.999919 1.000000 1.000000 1.000000
3488.144775 0.000000 611.975769 0.000000 0.121493 0.000000 -0.992592 1.000000 1.000000 1.000000
3484.819580 0.000000 609.007202 0.000000 0.127587 0.000000 -0.991827 1.000000 1.000000 1.000000
3469.560303 0.000000 613.014832 0.000000 0.122526 0.000000 -0.992465 1.000000 1.000000 1.000000
3460.145996 0.000000 615.595459 0.000000 0.420068 0.000000 -0.907492 1.000000 1.000000 1.000000
3516.140137 0.000000 627.638306 0.000000 0.076897 0.000000 -0.997039 1.000000 1.000000 1.000000
3467.823730 0.000000 615.795776 0.000000 0.478349 0.000000 -0.878170 1.000000 1.000000 1.000000
3455.824219 0.000000 592.783325 0.000000 0.297929 0.000000 -0.954588 1.000000 1.000000 1.000000
3474.519775 0.000000 593.244690 0.000000 0.401648 0.000000 -0.915794 1.000000 1.000000 1.000000
3489.479492 0.000000 606.670044 0.000000 0.383011 0.000000 -0.923744 1.000000 1.000000 1.000000
3456.302246 0.000000 608.413818 0.000000 0.215419 0.000000 -0.976522 1.000000 1.000000 1.000000
3479.925049 0.000000 595.140625 0.000000 0.120747 0.000000 -0.992683 1.000000 1.000000 1.000000
3520.071533 0.000000 626.975952 0.000000 0.170244 0.000000 -0.985402 1.000000 1.000000 1.000000
3522.537109 0.000000 627.096191 0.000000 0.460970 0.000000 -0.887415 1.000000 1.000000 1.000000
3519.908936 0.000000 625.076782 0.000000 0.447711 0.000000 -0.894179 1.000000 1.000000 1.000000
"}
