object={
	name="tree_pine_01_a_generator_1_0"
	render_pass=Map
	clamp_to_water_level=no
	generated_content=yes
	layer="tree_high_layer"
	pdxmesh="tree_pine_single_01_a_mesh"
	count=133
	transform="3884.478027 0.000000 1977.752930 0.000000 0.381553 0.000000 0.924347 1.000000 1.000000 1.000000
3902.890137 0.000000 1975.601074 0.000000 0.130016 0.000000 0.991512 1.000000 1.000000 1.000000
3887.163086 0.000000 1975.067627 0.000000 0.695193 0.000000 0.718823 1.000000 1.000000 1.000000
3880.773438 0.000000 1978.463623 0.000000 0.719125 0.000000 0.694881 1.000000 1.000000 1.000000
3887.411133 0.000000 1978.156616 0.000000 0.746366 0.000000 0.665536 1.000000 1.000000 1.000000
3934.838379 0.000000 1975.465088 0.000000 0.329811 0.000000 0.944047 1.000000 1.000000 1.000000
3909.101318 0.000000 1983.468872 0.000000 0.412246 0.000000 0.911072 1.000000 1.000000 1.000000
3941.507568 0.000000 1976.956055 0.000000 0.686700 0.000000 0.726940 1.000000 1.000000 1.000000
3930.469482 0.000000 1969.032471 0.000000 0.800312 0.000000 0.599583 1.000000 1.000000 1.000000
3934.384033 0.000000 1980.501099 0.000000 0.634322 0.000000 0.773069 1.000000 1.000000 1.000000
3920.534668 0.000000 1969.113892 0.000000 0.028923 0.000000 0.999582 1.000000 1.000000 1.000000
3914.669434 0.000000 1968.031372 0.000000 0.060246 0.000000 0.998184 1.000000 1.000000 1.000000
3896.171631 0.000000 2035.869751 0.000000 0.820115 0.000000 0.572199 1.000000 1.000000 1.000000
3891.228271 0.000000 2020.349976 0.000000 0.793484 0.000000 0.608591 1.000000 1.000000 1.000000
3855.972412 0.000000 2028.873657 0.000000 0.252589 0.000000 0.967574 1.000000 1.000000 1.000000
3898.801025 0.000000 2010.108643 0.000000 0.159966 0.000000 0.987122 1.000000 1.000000 1.000000
3848.092529 0.000000 2033.383789 0.000000 0.218322 0.000000 0.975877 1.000000 1.000000 1.000000
3864.546631 0.000000 2005.847778 0.000000 0.394853 0.000000 0.918744 1.000000 1.000000 1.000000
3879.459229 0.000000 2009.099365 0.000000 0.159834 0.000000 0.987144 1.000000 1.000000 1.000000
3892.204834 0.000000 2029.834961 0.000000 0.754406 0.000000 0.656408 1.000000 1.000000 1.000000
3900.961182 0.000000 2004.339233 0.000000 0.595710 0.000000 0.803199 1.000000 1.000000 1.000000
3880.966309 0.000000 1985.586792 0.000000 0.456700 0.000000 0.889621 1.000000 1.000000 1.000000
3863.012939 0.000000 1988.818604 0.000000 0.278647 0.000000 0.960393 1.000000 1.000000 1.000000
3897.834961 0.000000 2015.504639 0.000000 0.640236 0.000000 0.768178 1.000000 1.000000 1.000000
3874.626221 0.000000 2009.124878 0.000000 0.676578 0.000000 0.736371 1.000000 1.000000 1.000000
3865.720703 0.000000 2011.354980 0.000000 0.519913 0.000000 0.854219 1.000000 1.000000 1.000000
3880.690186 0.000000 2013.670288 0.000000 0.636183 0.000000 0.771538 1.000000 1.000000 1.000000
3852.137451 0.000000 2013.149414 0.000000 0.442349 0.000000 0.896843 1.000000 1.000000 1.000000
3901.547119 0.000000 2013.416992 0.000000 0.644812 0.000000 0.764341 1.000000 1.000000 1.000000
3875.545166 0.000000 2020.656372 0.000000 0.336838 0.000000 0.941562 1.000000 1.000000 1.000000
3884.072510 0.000000 2046.281006 0.000000 0.863504 0.000000 0.504342 1.000000 1.000000 1.000000
3864.989746 0.000000 1985.178101 0.000000 0.161623 0.000000 0.986853 1.000000 1.000000 1.000000
3862.014648 0.000000 2046.223022 0.000000 0.309522 0.000000 0.950892 1.000000 1.000000 1.000000
3851.314697 0.000000 2016.683105 0.000000 0.456248 0.000000 0.889853 1.000000 1.000000 1.000000
3890.540283 0.000000 1993.687622 0.000000 0.118171 0.000000 0.992993 1.000000 1.000000 1.000000
3866.557617 0.000000 1988.062744 0.000000 0.027491 0.000000 0.999622 1.000000 1.000000 1.000000
3875.683350 0.000000 2032.489868 0.000000 0.250657 0.000000 0.968076 1.000000 1.000000 1.000000
3852.700928 0.000000 2019.118530 0.000000 0.832740 0.000000 0.553665 1.000000 1.000000 1.000000
3868.239014 0.000000 2009.816528 0.000000 0.853104 0.000000 0.521741 1.000000 1.000000 1.000000
3861.859619 0.000000 1991.439331 0.000000 0.356497 0.000000 0.934296 1.000000 1.000000 1.000000
3853.338379 0.000000 2015.034424 0.000000 0.122659 0.000000 0.992449 1.000000 1.000000 1.000000
3899.617188 0.000000 2012.225342 0.000000 0.703124 0.000000 0.711067 1.000000 1.000000 1.000000
3951.801758 0.000000 2005.458984 0.000000 0.843537 0.000000 0.537071 1.000000 1.000000 1.000000
3905.499512 0.000000 2026.526978 0.000000 0.323359 0.000000 0.946276 1.000000 1.000000 1.000000
3920.590088 0.000000 2000.933228 0.000000 0.508633 0.000000 0.860983 1.000000 1.000000 1.000000
3911.690674 0.000000 2012.840088 0.000000 0.139683 0.000000 0.990196 1.000000 1.000000 1.000000
3937.312744 0.000000 2004.427612 0.000000 0.147527 0.000000 0.989058 1.000000 1.000000 1.000000
3939.019531 0.000000 1984.078125 0.000000 0.846085 0.000000 0.533048 1.000000 1.000000 1.000000
3964.074707 0.000000 2044.236328 0.000000 0.724097 0.000000 0.689698 1.000000 1.000000 1.000000
3963.981201 0.000000 2027.325073 0.000000 0.521112 0.000000 0.853488 1.000000 1.000000 1.000000
3945.065186 0.000000 1999.927734 0.000000 0.585126 0.000000 0.810942 1.000000 1.000000 1.000000
3919.729492 0.000000 2010.103271 0.000000 0.374747 0.000000 0.927127 1.000000 1.000000 1.000000
3943.451416 0.000000 2009.099365 0.000000 0.182435 0.000000 0.983218 1.000000 1.000000 1.000000
3957.042969 0.000000 2013.738525 0.000000 0.653761 0.000000 0.756701 1.000000 1.000000 1.000000
3964.953369 0.000000 2004.339233 0.000000 0.784996 0.000000 0.619501 1.000000 1.000000 1.000000
3920.116455 0.000000 1987.270386 0.000000 0.386336 0.000000 0.922358 1.000000 1.000000 1.000000
3927.005127 0.000000 1988.818604 0.000000 0.654158 0.000000 0.756358 1.000000 1.000000 1.000000
3910.348145 0.000000 1998.419189 0.000000 0.609900 0.000000 0.792478 1.000000 1.000000 1.000000
3961.827148 0.000000 2015.504639 0.000000 0.360280 0.000000 0.932844 1.000000 1.000000 1.000000
3928.808838 0.000000 2001.468018 0.000000 0.143836 0.000000 0.989602 1.000000 1.000000 1.000000
3944.937500 0.000000 2017.948608 0.000000 0.380792 0.000000 0.924661 1.000000 1.000000 1.000000
3956.032715 0.000000 2034.061279 0.000000 0.553932 0.000000 0.832562 1.000000 1.000000 1.000000
3965.833984 0.000000 2023.660767 0.000000 0.329781 0.000000 0.944057 1.000000 1.000000 1.000000
3921.053467 0.000000 1983.521362 0.000000 0.723284 0.000000 0.690550 1.000000 1.000000 1.000000
3924.303955 0.000000 2001.359131 0.000000 0.032676 0.000000 0.999466 1.000000 1.000000 1.000000
3912.429443 0.000000 2042.162354 0.000000 0.061366 0.000000 0.998115 1.000000 1.000000 1.000000
3938.721680 0.000000 1991.401978 0.000000 0.431925 0.000000 0.901910 1.000000 1.000000 1.000000
3962.503906 0.000000 1994.068726 0.000000 0.645689 0.000000 0.763601 1.000000 1.000000 1.000000
3908.969727 0.000000 2011.620483 0.000000 0.537523 0.000000 0.843249 1.000000 1.000000 1.000000
3962.964355 0.000000 2022.136353 0.000000 0.232225 0.000000 0.972662 1.000000 1.000000 1.000000
3937.571289 0.000000 2018.534302 0.000000 0.452781 0.000000 0.891622 1.000000 1.000000 1.000000
3967.143311 0.000000 2027.225342 0.000000 0.844638 0.000000 0.535338 1.000000 1.000000 1.000000
3962.145264 0.000000 2018.709229 0.000000 0.732146 0.000000 0.681148 1.000000 1.000000 1.000000
3988.481934 0.000000 2042.561890 0.000000 0.710778 0.000000 0.703416 1.000000 1.000000 1.000000
3969.018066 0.000000 1999.372070 0.000000 0.106795 0.000000 0.994281 1.000000 1.000000 1.000000
3983.956787 0.000000 2028.873657 0.000000 0.817628 0.000000 0.575747 1.000000 1.000000 1.000000
3994.485352 0.000000 2025.321167 0.000000 0.460106 0.000000 0.887864 1.000000 1.000000 1.000000
3998.214600 0.000000 2032.182739 0.000000 0.555126 0.000000 0.831766 1.000000 1.000000 1.000000
3977.877686 0.000000 2045.213501 0.000000 0.732019 0.000000 0.681284 1.000000 1.000000 1.000000
3970.278320 0.000000 2013.057739 0.000000 0.551965 0.000000 0.833867 1.000000 1.000000 1.000000
3967.549805 0.000000 2022.316772 0.000000 0.155269 0.000000 0.987872 1.000000 1.000000 1.000000
3980.121826 0.000000 2013.149414 0.000000 0.030692 0.000000 0.999529 1.000000 1.000000 1.000000
3998.242188 0.000000 2027.709717 0.000000 0.718205 0.000000 0.695832 1.000000 1.000000 1.000000
3987.289551 0.000000 2031.853516 0.000000 0.505323 0.000000 0.862930 1.000000 1.000000 1.000000
3987.064209 0.000000 2017.642700 0.000000 0.752595 0.000000 0.658484 1.000000 1.000000 1.000000
3990.524902 0.000000 2024.054932 0.000000 0.507721 0.000000 0.861522 1.000000 1.000000 1.000000
3989.734131 0.000000 2019.783813 0.000000 0.509869 0.000000 0.860252 1.000000 1.000000 1.000000
3975.518066 0.000000 2009.637329 0.000000 0.864331 0.000000 0.502923 1.000000 1.000000 1.000000
3984.526855 0.000000 2033.098267 0.000000 0.075483 0.000000 0.997147 1.000000 1.000000 1.000000
3978.661621 0.000000 2032.015747 0.000000 0.179724 0.000000 0.983717 1.000000 1.000000 1.000000
3976.123291 0.000000 2006.823975 0.000000 0.802848 0.000000 0.596184 1.000000 1.000000 1.000000
3973.445068 0.000000 2014.252808 0.000000 0.116942 0.000000 0.993139 1.000000 1.000000 1.000000
3977.315186 0.000000 2014.929688 0.000000 0.441510 0.000000 0.897257 1.000000 1.000000 1.000000
3988.699707 0.000000 2025.871948 0.000000 0.090028 0.000000 0.995939 1.000000 1.000000 1.000000
3969.805664 0.000000 2015.442627 0.000000 0.202368 0.000000 0.979310 1.000000 1.000000 1.000000
3988.048584 0.000000 2023.784546 0.000000 0.663929 0.000000 0.747796 1.000000 1.000000 1.000000
3996.074707 0.000000 2034.019775 0.000000 0.815727 0.000000 0.578437 1.000000 1.000000 1.000000
3875.027344 0.000000 2048.062500 0.000000 0.525817 0.000000 0.850598 1.000000 1.000000 1.000000
3881.072998 0.000000 2063.912109 0.000000 0.471938 0.000000 0.881632 1.000000 1.000000 1.000000
3892.415527 0.000000 2054.803223 0.000000 0.033656 0.000000 0.999433 1.000000 1.000000 1.000000
3884.165039 0.000000 2060.158447 0.000000 0.555409 0.000000 0.831577 1.000000 1.000000 1.000000
3893.644043 0.000000 2063.281006 0.000000 0.598478 0.000000 0.801139 1.000000 1.000000 1.000000
3901.312744 0.000000 2063.966064 0.000000 0.053903 0.000000 0.998546 1.000000 1.000000 1.000000
3890.750977 0.000000 2050.949219 0.000000 0.787752 0.000000 0.615993 1.000000 1.000000 1.000000
3902.190430 0.000000 2071.815674 0.000000 0.639478 0.000000 0.768809 1.000000 1.000000 1.000000
3888.588135 0.000000 2053.251953 0.000000 0.644912 0.000000 0.764257 1.000000 1.000000 1.000000
3877.120850 0.000000 2061.232422 0.000000 0.124716 0.000000 0.992192 1.000000 1.000000 1.000000
3898.511719 0.000000 2058.053223 0.000000 0.454056 0.000000 0.890973 1.000000 1.000000 1.000000
3869.675781 0.000000 2052.154053 0.000000 0.092853 0.000000 0.995680 1.000000 1.000000 1.000000
3920.590088 0.000000 2064.917480 0.000000 0.840596 0.000000 0.541663 1.000000 1.000000 1.000000
3937.312744 0.000000 2068.411865 0.000000 0.665138 0.000000 0.746720 1.000000 1.000000 1.000000
3910.312012 0.000000 2052.187500 0.000000 0.735315 0.000000 0.677725 1.000000 1.000000 1.000000
3914.695312 0.000000 2072.571045 0.000000 0.168473 0.000000 0.985706 1.000000 1.000000 1.000000
3915.626953 0.000000 2053.106201 0.000000 0.021163 0.000000 0.999776 1.000000 1.000000 1.000000
3905.868408 0.000000 2068.078369 0.000000 0.631911 0.000000 0.775041 1.000000 1.000000 1.000000
3954.577637 0.000000 2066.229492 0.000000 0.435489 0.000000 0.900194 1.000000 1.000000 1.000000
3907.692383 0.000000 2048.753662 0.000000 0.849592 0.000000 0.527441 1.000000 1.000000 1.000000
3959.428467 0.000000 2052.054199 0.000000 0.787649 0.000000 0.616124 1.000000 1.000000 1.000000
3966.709473 0.000000 2054.402832 0.000000 0.696997 0.000000 0.717074 1.000000 1.000000 1.000000
3912.744385 0.000000 2054.399902 0.000000 0.865210 0.000000 0.501409 1.000000 1.000000 1.000000
3966.380371 0.000000 2060.890869 0.000000 0.393053 0.000000 0.919516 1.000000 1.000000 1.000000
3915.402588 0.000000 2059.784424 0.000000 0.645820 0.000000 0.763490 1.000000 1.000000 1.000000
3917.566406 0.000000 2072.062988 0.000000 0.228918 0.000000 0.973446 1.000000 1.000000 1.000000
3919.494873 0.000000 2077.629639 0.000000 0.656390 0.000000 0.754422 1.000000 1.000000 1.000000
3912.664551 0.000000 2060.592041 0.000000 0.785510 0.000000 0.618849 1.000000 1.000000 1.000000
3969.018066 0.000000 2063.356445 0.000000 0.130992 0.000000 0.991383 1.000000 1.000000 1.000000
3967.746338 0.000000 2072.378662 0.000000 0.338549 0.000000 0.940949 1.000000 1.000000 1.000000
3969.833252 0.000000 2056.961914 0.000000 0.536981 0.000000 0.843594 1.000000 1.000000 1.000000
3969.860596 0.000000 2068.078369 0.000000 0.429126 0.000000 0.903244 1.000000 1.000000 1.000000
3992.974121 0.000000 2049.162598 0.000000 0.370782 0.000000 0.928720 1.000000 1.000000 1.000000
3979.394775 0.000000 2059.784424 0.000000 0.020503 0.000000 0.999790 1.000000 1.000000 1.000000
3977.177490 0.000000 2051.480469 0.000000 0.196952 0.000000 0.980413 1.000000 1.000000 1.000000
3971.749268 0.000000 2063.394043 0.000000 0.388506 0.000000 0.921446 1.000000 1.000000 1.000000
"}
object={
	name="tree_pine_01_a_generator_1_1"
	render_pass=Map
	clamp_to_water_level=no
	generated_content=yes
	layer="tree_high_layer"
	pdxmesh="tree_pine_single_01_b_mesh"
	count=123
	transform="3868.035645 0.000000 1982.504517 0.000000 0.996562 0.000000 -0.082855 1.000000 1.000000 1.000000
3898.715820 0.000000 1975.092529 0.000000 0.942197 0.000000 0.335060 1.000000 1.000000 1.000000
3884.072510 0.000000 1982.296631 0.000000 0.984867 0.000000 -0.173312 1.000000 1.000000 1.000000
3898.085938 0.000000 1977.959351 0.000000 0.963274 0.000000 -0.268520 1.000000 1.000000 1.000000
3943.845215 0.000000 1981.471924 0.000000 0.984867 0.000000 0.173313 1.000000 1.000000 1.000000
3912.084717 0.000000 1969.399414 0.000000 0.915805 0.000000 -0.401624 1.000000 1.000000 1.000000
3927.194580 0.000000 1969.946777 0.000000 0.992064 0.000000 0.125731 1.000000 1.000000 1.000000
3904.024658 0.000000 1970.647827 0.000000 0.999593 0.000000 -0.028525 1.000000 1.000000 1.000000
3921.604980 0.000000 1971.975464 0.000000 0.998925 0.000000 -0.046364 1.000000 1.000000 1.000000
3937.774658 0.000000 1980.684326 0.000000 0.999466 0.000000 0.032684 1.000000 1.000000 1.000000
3919.896240 0.000000 1981.672729 0.000000 0.902073 0.000000 0.431583 1.000000 1.000000 1.000000
3917.507324 0.000000 1969.190796 0.000000 0.995587 0.000000 0.093847 1.000000 1.000000 1.000000
3932.233887 0.000000 1978.228149 0.000000 0.882869 0.000000 -0.469620 1.000000 1.000000 1.000000
3916.031982 0.000000 1972.420776 0.000000 0.997917 0.000000 -0.064509 1.000000 1.000000 1.000000
3940.857422 0.000000 1980.960938 0.000000 0.979401 0.000000 -0.201926 1.000000 1.000000 1.000000
3936.663330 0.000000 1977.937134 0.000000 0.998789 0.000000 -0.049190 1.000000 1.000000 1.000000
3860.497559 0.000000 2042.561890 0.000000 0.980298 0.000000 -0.197526 1.000000 1.000000 1.000000
3894.584717 0.000000 1984.267822 0.000000 0.999984 0.000000 -0.005691 1.000000 1.000000 1.000000
3876.736328 0.000000 2029.433228 0.000000 0.964508 0.000000 -0.264055 1.000000 1.000000 1.000000
3899.989014 0.000000 2027.325073 0.000000 0.982298 0.000000 0.187326 1.000000 1.000000 1.000000
3859.170166 0.000000 1992.539185 0.000000 0.980628 0.000000 0.195881 1.000000 1.000000 1.000000
3889.290283 0.000000 1996.997314 0.000000 0.999580 0.000000 -0.028972 1.000000 1.000000 1.000000
3887.081543 0.000000 1984.943726 0.000000 0.985684 0.000000 -0.168605 1.000000 1.000000 1.000000
3870.230225 0.000000 2032.182739 0.000000 0.927257 0.000000 0.374426 1.000000 1.000000 1.000000
3893.050781 0.000000 2013.738525 0.000000 0.965076 0.000000 0.261971 1.000000 1.000000 1.000000
3855.114746 0.000000 2016.464478 0.000000 0.999871 0.000000 0.016052 1.000000 1.000000 1.000000
3869.035889 0.000000 1985.239258 0.000000 0.991978 0.000000 -0.126413 1.000000 1.000000 1.000000
3872.226562 0.000000 1989.560791 0.000000 0.893510 0.000000 0.449043 1.000000 1.000000 1.000000
3898.715820 0.000000 2039.076904 0.000000 0.944615 0.000000 0.328180 1.000000 1.000000 1.000000
3872.193848 0.000000 1998.919189 0.000000 0.984719 0.000000 0.174149 1.000000 1.000000 1.000000
3852.039795 0.000000 2036.405151 0.000000 0.996727 0.000000 -0.080838 1.000000 1.000000 1.000000
3883.847412 0.000000 1983.668579 0.000000 0.980276 0.000000 -0.197636 1.000000 1.000000 1.000000
3866.477295 0.000000 2033.016846 0.000000 0.995145 0.000000 0.098424 1.000000 1.000000 1.000000
3876.865234 0.000000 2044.945312 0.000000 0.995949 0.000000 -0.089918 1.000000 1.000000 1.000000
3864.050781 0.000000 2008.829712 0.000000 0.906004 0.000000 0.423268 1.000000 1.000000 1.000000
3853.559082 0.000000 2026.896973 0.000000 0.980815 0.000000 0.194939 1.000000 1.000000 1.000000
3860.908936 0.000000 1995.141235 0.000000 0.999962 0.000000 -0.008715 1.000000 1.000000 1.000000
3894.290283 0.000000 2032.040405 0.000000 0.885540 0.000000 0.464564 1.000000 1.000000 1.000000
3850.677246 0.000000 2032.015747 0.000000 0.964074 0.000000 -0.265632 1.000000 1.000000 1.000000
3869.675781 0.000000 1988.169556 0.000000 0.866723 0.000000 -0.498789 1.000000 1.000000 1.000000
3892.136230 0.000000 1996.795044 0.000000 0.874757 0.000000 0.484561 1.000000 1.000000 1.000000
3895.056885 0.000000 2015.921143 0.000000 0.933339 0.000000 -0.358995 1.000000 1.000000 1.000000
3890.399902 0.000000 2031.764404 0.000000 0.953394 0.000000 0.301727 1.000000 1.000000 1.000000
3960.163818 0.000000 2035.869751 0.000000 0.967151 0.000000 0.254202 1.000000 1.000000 1.000000
3961.934326 0.000000 1997.041138 0.000000 0.980880 0.000000 0.194612 1.000000 1.000000 1.000000
3940.871582 0.000000 2016.645996 0.000000 0.987870 0.000000 -0.155280 1.000000 1.000000 1.000000
3949.661377 0.000000 2013.802002 0.000000 0.893439 0.000000 0.449185 1.000000 1.000000 1.000000
3964.793701 0.000000 2019.667480 0.000000 0.871160 0.000000 0.490999 1.000000 1.000000 1.000000
3928.930664 0.000000 2020.246338 0.000000 0.963218 0.000000 0.268721 1.000000 1.000000 1.000000
3946.730957 0.000000 2005.295288 0.000000 0.993555 0.000000 0.113353 1.000000 1.000000 1.000000
3942.010010 0.000000 2004.189209 0.000000 0.914772 0.000000 -0.403970 1.000000 1.000000 1.000000
3904.823730 0.000000 2040.061646 0.000000 0.962452 0.000000 0.271452 1.000000 1.000000 1.000000
3965.304932 0.000000 1999.981689 0.000000 0.976893 0.000000 -0.213730 1.000000 1.000000 1.000000
3936.609863 0.000000 2015.775024 0.000000 0.912378 0.000000 0.409349 1.000000 1.000000 1.000000
3907.692383 0.000000 1984.769287 0.000000 0.894877 0.000000 -0.446313 1.000000 1.000000 1.000000
3922.275879 0.000000 2025.874268 0.000000 0.873845 0.000000 0.486204 1.000000 1.000000 1.000000
3907.940430 0.000000 2016.532715 0.000000 0.951829 0.000000 -0.306630 1.000000 1.000000 1.000000
3909.011963 0.000000 2001.838013 0.000000 0.900739 0.000000 -0.434361 1.000000 1.000000 1.000000
3915.306885 0.000000 2016.683105 0.000000 0.972398 0.000000 0.233328 1.000000 1.000000 1.000000
3942.397705 0.000000 1992.375854 0.000000 0.986997 0.000000 0.160737 1.000000 1.000000 1.000000
3930.549805 0.000000 1988.062744 0.000000 0.922771 0.000000 0.385350 1.000000 1.000000 1.000000
3956.439941 0.000000 2017.328613 0.000000 0.954895 0.000000 -0.296943 1.000000 1.000000 1.000000
3903.598389 0.000000 2014.591064 0.000000 0.989565 0.000000 -0.144087 1.000000 1.000000 1.000000
3933.916260 0.000000 2014.836060 0.000000 0.990785 0.000000 -0.135441 1.000000 1.000000 1.000000
3939.675293 0.000000 2002.873291 0.000000 0.997257 0.000000 0.074017 1.000000 1.000000 1.000000
3939.063721 0.000000 2014.759155 0.000000 0.999945 0.000000 0.010453 1.000000 1.000000 1.000000
3969.491699 0.000000 2026.526978 0.000000 0.942014 0.000000 0.335574 1.000000 1.000000 1.000000
3975.682861 0.000000 2012.840088 0.000000 0.901265 0.000000 0.433268 1.000000 1.000000 1.000000
3991.186768 0.000000 2033.931152 0.000000 0.999388 0.000000 0.034975 1.000000 1.000000 1.000000
3987.141113 0.000000 2021.734863 0.000000 0.897266 0.000000 -0.441491 1.000000 1.000000 1.000000
3975.772705 0.000000 2027.008057 0.000000 0.936366 0.000000 -0.351026 1.000000 1.000000 1.000000
3972.768555 0.000000 2021.547852 0.000000 0.888870 0.000000 0.458159 1.000000 1.000000 1.000000
3993.220215 0.000000 2039.307495 0.000000 0.999691 0.000000 0.024841 1.000000 1.000000 1.000000
3989.580566 0.000000 2028.138428 0.000000 0.997742 0.000000 -0.067170 1.000000 1.000000 1.000000
3992.922852 0.000000 2020.246338 0.000000 0.991559 0.000000 -0.129653 1.000000 1.000000 1.000000
3972.876953 0.000000 2007.842041 0.000000 0.999689 0.000000 0.024927 1.000000 1.000000 1.000000
3978.687500 0.000000 2008.586792 0.000000 0.925704 0.000000 -0.378247 1.000000 1.000000 1.000000
3971.773193 0.000000 2030.876709 0.000000 0.913039 0.000000 -0.407873 1.000000 1.000000 1.000000
3969.860596 0.000000 2004.093994 0.000000 0.920664 0.000000 0.390357 1.000000 1.000000 1.000000
3982.884277 0.000000 2024.175537 0.000000 0.989294 0.000000 -0.145936 1.000000 1.000000 1.000000
3993.769043 0.000000 2029.901001 0.000000 0.909620 0.000000 0.415440 1.000000 1.000000 1.000000
3979.574219 0.000000 2029.169678 0.000000 0.994043 0.000000 0.108990 1.000000 1.000000 1.000000
3992.711914 0.000000 2043.600342 0.000000 0.898015 0.000000 0.439965 1.000000 1.000000 1.000000
3994.461670 0.000000 2033.016846 0.000000 0.938576 0.000000 0.345071 1.000000 1.000000 1.000000
3967.590576 0.000000 2014.591064 0.000000 0.981182 0.000000 -0.193084 1.000000 1.000000 1.000000
3967.587158 0.000000 2002.093018 0.000000 0.995946 0.000000 0.089950 1.000000 1.000000 1.000000
3995.790527 0.000000 2038.535767 0.000000 0.977055 0.000000 -0.212986 1.000000 1.000000 1.000000
3984.777100 0.000000 2022.484863 0.000000 0.948624 0.000000 -0.316406 1.000000 1.000000 1.000000
3894.584717 0.000000 2048.252197 0.000000 0.902347 0.000000 -0.431010 1.000000 1.000000 1.000000
3861.105957 0.000000 2047.854004 0.000000 0.940311 0.000000 0.340318 1.000000 1.000000 1.000000
3887.081543 0.000000 2048.928223 0.000000 0.975923 0.000000 0.218114 1.000000 1.000000 1.000000
3900.961182 0.000000 2068.323730 0.000000 0.999322 0.000000 -0.036808 1.000000 1.000000 1.000000
3872.226562 0.000000 2053.545166 0.000000 0.981406 0.000000 0.191942 1.000000 1.000000 1.000000
3901.545654 0.000000 2057.767822 0.000000 0.930618 0.000000 0.365991 1.000000 1.000000 1.000000
3870.608643 0.000000 2058.912354 0.000000 0.993551 0.000000 0.113386 1.000000 1.000000 1.000000
3864.989746 0.000000 2049.162598 0.000000 0.977016 0.000000 0.213167 1.000000 1.000000 1.000000
3897.634277 0.000000 2065.291504 0.000000 0.918376 0.000000 0.395709 1.000000 1.000000 1.000000
3895.436279 0.000000 2052.054199 0.000000 0.923213 0.000000 -0.384287 1.000000 1.000000 1.000000
3961.934326 0.000000 2061.025391 0.000000 0.887665 0.000000 -0.460490 1.000000 1.000000 1.000000
3903.896240 0.000000 2050.793213 0.000000 0.918922 0.000000 0.394439 1.000000 1.000000 1.000000
3919.729492 0.000000 2074.087646 0.000000 0.977484 0.000000 0.211010 1.000000 1.000000 1.000000
3942.010010 0.000000 2068.173584 0.000000 0.947273 0.000000 -0.320428 1.000000 1.000000 1.000000
3916.129639 0.000000 2077.133789 0.000000 0.965890 0.000000 0.258953 1.000000 1.000000 1.000000
3928.808838 0.000000 2065.452393 0.000000 0.958066 0.000000 0.286548 1.000000 1.000000 1.000000
3958.219727 0.000000 2058.763916 0.000000 0.963917 0.000000 0.266204 1.000000 1.000000 1.000000
3961.626465 0.000000 2065.291504 0.000000 0.918409 0.000000 -0.395633 1.000000 1.000000 1.000000
3909.511475 0.000000 2058.672119 0.000000 0.893243 0.000000 -0.449575 1.000000 1.000000 1.000000
3919.565674 0.000000 2055.055908 0.000000 0.961044 0.000000 0.276394 1.000000 1.000000 1.000000
3961.881348 0.000000 2070.440674 0.000000 0.875244 0.000000 0.483683 1.000000 1.000000 1.000000
3960.030762 0.000000 2055.693359 0.000000 0.866402 0.000000 0.499348 1.000000 1.000000 1.000000
3911.607422 0.000000 2048.837891 0.000000 0.926036 0.000000 0.377436 1.000000 1.000000 1.000000
3904.055420 0.000000 2047.649902 0.000000 0.971738 0.000000 0.236061 1.000000 1.000000 1.000000
3916.009521 0.000000 2056.367432 0.000000 0.890215 0.000000 -0.455541 1.000000 1.000000 1.000000
3956.128418 0.000000 2060.779541 0.000000 0.992643 0.000000 0.121075 1.000000 1.000000 1.000000
3959.348145 0.000000 2061.191895 0.000000 0.996737 0.000000 -0.080714 1.000000 1.000000 1.000000
3962.913086 0.000000 2063.238525 0.000000 0.891471 0.000000 -0.453078 1.000000 1.000000 1.000000
3919.912109 0.000000 2060.028076 0.000000 0.958129 0.000000 0.286337 1.000000 1.000000 1.000000
3911.490479 0.000000 2050.712891 0.000000 0.993764 0.000000 0.111507 1.000000 1.000000 1.000000
3989.090332 0.000000 2047.854004 0.000000 0.993783 0.000000 0.111335 1.000000 1.000000 1.000000
3974.304199 0.000000 2052.187500 0.000000 0.964253 0.000000 0.264983 1.000000 1.000000 1.000000
3971.684570 0.000000 2048.753662 0.000000 0.886603 0.000000 0.462531 1.000000 1.000000 1.000000
3983.557861 0.000000 2055.055908 0.000000 0.880291 0.000000 0.474433 1.000000 1.000000 1.000000
3967.540527 0.000000 2054.183838 0.000000 0.957071 0.000000 0.289855 1.000000 1.000000 1.000000
"}
object={
	name="tree_pine_01_a_generator_1_2"
	render_pass=Map
	clamp_to_water_level=no
	generated_content=yes
	layer="tree_high_layer"
	pdxmesh="tree_pine_single_01_c_mesh"
	count=109
	transform="3879.853027 0.000000 1981.471924 0.000000 0.054857 0.000000 -0.998494 1.000000 1.000000 1.000000
3893.520508 0.000000 1981.597412 0.000000 0.714604 0.000000 -0.699529 1.000000 1.000000 1.000000
3897.051270 0.000000 1981.865723 0.000000 0.800080 0.000000 -0.599893 1.000000 1.000000 1.000000
3884.158447 0.000000 1974.799438 0.000000 0.683001 0.000000 -0.730417 1.000000 1.000000 1.000000
3908.435059 0.000000 1972.952026 0.000000 0.491576 0.000000 -0.870835 1.000000 1.000000 1.000000
3932.191895 0.000000 1971.940918 0.000000 0.716409 0.000000 -0.697680 1.000000 1.000000 1.000000
3907.008789 0.000000 1980.832886 0.000000 0.435964 0.000000 -0.899964 1.000000 1.000000 1.000000
3918.982422 0.000000 1973.649902 0.000000 0.092877 0.000000 -0.995678 1.000000 1.000000 1.000000
3867.898438 0.000000 1991.180298 0.000000 0.519754 0.000000 -0.854316 1.000000 1.000000 1.000000
3879.853027 0.000000 2045.456299 0.000000 0.496894 0.000000 -0.867811 1.000000 1.000000 1.000000
3850.904053 0.000000 2021.323730 0.000000 0.684489 0.000000 -0.729023 1.000000 1.000000 1.000000
3863.202393 0.000000 2033.931152 0.000000 0.816724 0.000000 -0.577029 1.000000 1.000000 1.000000
3852.958984 0.000000 2039.963623 0.000000 0.844323 0.000000 -0.535835 1.000000 1.000000 1.000000
3862.259033 0.000000 1997.835327 0.000000 0.076130 0.000000 -0.997098 1.000000 1.000000 1.000000
3857.612793 0.000000 2035.959839 0.000000 0.124348 0.000000 -0.992239 1.000000 1.000000 1.000000
3902.890137 0.000000 2039.585449 0.000000 0.769598 0.000000 -0.638528 1.000000 1.000000 1.000000
3853.515137 0.000000 2033.175171 0.000000 0.589005 0.000000 -0.808129 1.000000 1.000000 1.000000
3875.820312 0.000000 2000.065674 0.000000 0.771824 0.000000 -0.635836 1.000000 1.000000 1.000000
3869.101318 0.000000 2007.148804 0.000000 0.695182 0.000000 -0.718834 1.000000 1.000000 1.000000
3891.402100 0.000000 2025.222046 0.000000 0.454208 0.000000 -0.890896 1.000000 1.000000 1.000000
3878.017822 0.000000 2004.189209 0.000000 0.677731 0.000000 -0.735310 1.000000 1.000000 1.000000
3863.820801 0.000000 1993.439209 0.000000 0.802324 0.000000 -0.596888 1.000000 1.000000 1.000000
3851.589844 0.000000 2029.169678 0.000000 0.174336 0.000000 -0.984686 1.000000 1.000000 1.000000
3901.841797 0.000000 2023.660767 0.000000 0.377309 0.000000 -0.926088 1.000000 1.000000 1.000000
3876.818359 0.000000 2012.555542 0.000000 0.120441 0.000000 -0.992720 1.000000 1.000000 1.000000
3873.276367 0.000000 2030.468628 0.000000 0.468998 0.000000 -0.883199 1.000000 1.000000 1.000000
3892.447754 0.000000 2017.328613 0.000000 0.459910 0.000000 -0.887966 1.000000 1.000000 1.000000
3854.990234 0.000000 2037.634277 0.000000 0.863529 0.000000 -0.504300 1.000000 1.000000 1.000000
3901.118652 0.000000 2016.597900 0.000000 0.734375 0.000000 -0.678744 1.000000 1.000000 1.000000
3862.613770 0.000000 2030.989258 0.000000 0.596029 0.000000 -0.802963 1.000000 1.000000 1.000000
3897.254639 0.000000 2012.689087 0.000000 0.262417 0.000000 -0.964955 1.000000 1.000000 1.000000
3931.890625 0.000000 1991.180298 0.000000 0.524590 0.000000 -0.851355 1.000000 1.000000 1.000000
3955.220459 0.000000 2020.349976 0.000000 0.566537 0.000000 -0.824037 1.000000 1.000000 1.000000
3962.793213 0.000000 2010.108643 0.000000 0.806534 0.000000 -0.591188 1.000000 1.000000 1.000000
3903.896240 0.000000 1986.808716 0.000000 0.714160 0.000000 -0.699982 1.000000 1.000000 1.000000
3904.024658 0.000000 2034.632202 0.000000 0.380129 0.000000 -0.924933 1.000000 1.000000 1.000000
3939.046387 0.000000 1994.660522 0.000000 0.007484 0.000000 -0.999972 1.000000 1.000000 1.000000
3923.148926 0.000000 2021.734863 0.000000 0.858226 0.000000 -0.513272 1.000000 1.000000 1.000000
3948.739258 0.000000 2019.905151 0.000000 0.651776 0.000000 -0.758411 1.000000 1.000000 1.000000
3965.690918 0.000000 2034.601807 0.000000 0.204363 0.000000 -0.978895 1.000000 1.000000 1.000000
3960.217773 0.000000 2023.111816 0.000000 0.666125 0.000000 -0.745840 1.000000 1.000000 1.000000
3906.286133 0.000000 2013.057739 0.000000 0.418463 0.000000 -0.908234 1.000000 1.000000 1.000000
3908.435059 0.000000 2036.936401 0.000000 0.121239 0.000000 -0.992623 1.000000 1.000000 1.000000
3907.781006 0.000000 2030.876709 0.000000 0.554491 0.000000 -0.832190 1.000000 1.000000 1.000000
3917.121826 0.000000 2004.299072 0.000000 0.653145 0.000000 -0.757233 1.000000 1.000000 1.000000
3931.092285 0.000000 2015.765869 0.000000 0.803216 0.000000 -0.595688 1.000000 1.000000 1.000000
3927.812988 0.000000 1993.439209 0.000000 0.053127 0.000000 -0.998588 1.000000 1.000000 1.000000
3943.758545 0.000000 1995.550659 0.000000 0.823714 0.000000 -0.567005 1.000000 1.000000 1.000000
3916.129639 0.000000 2013.149414 0.000000 0.734314 0.000000 -0.678810 1.000000 1.000000 1.000000
3953.424805 0.000000 2016.201538 0.000000 0.814711 0.000000 -0.579868 1.000000 1.000000 1.000000
3958.219727 0.000000 1994.779419 0.000000 0.130021 0.000000 -0.991511 1.000000 1.000000 1.000000
3965.539307 0.000000 2013.416992 0.000000 0.362649 0.000000 -0.931926 1.000000 1.000000 1.000000
3962.708008 0.000000 2039.076904 0.000000 0.032168 0.000000 -0.999483 1.000000 1.000000 1.000000
3959.301270 0.000000 2018.807007 0.000000 0.221502 0.000000 -0.975160 1.000000 1.000000 1.000000
3953.223145 0.000000 2011.899292 0.000000 0.396090 0.000000 -0.918212 1.000000 1.000000 1.000000
3904.055420 0.000000 1983.665527 0.000000 0.747464 0.000000 -0.664303 1.000000 1.000000 1.000000
3910.776611 0.000000 2044.812256 0.000000 0.127395 0.000000 -0.991852 1.000000 1.000000 1.000000
3906.331787 0.000000 2023.457886 0.000000 0.842036 0.000000 -0.539422 1.000000 1.000000 1.000000
3962.670898 0.000000 2034.241943 0.000000 0.827622 0.000000 -0.561285 1.000000 1.000000 1.000000
3937.406738 0.000000 2001.550293 0.000000 0.785816 0.000000 -0.618460 1.000000 1.000000 1.000000
3978.888428 0.000000 2021.323730 0.000000 0.535816 0.000000 -0.844334 1.000000 1.000000 1.000000
3976.076904 0.000000 2033.383789 0.000000 0.592367 0.000000 -0.805669 1.000000 1.000000 1.000000
3968.229736 0.000000 2017.681274 0.000000 0.142931 0.000000 -0.989733 1.000000 1.000000 1.000000
3983.721680 0.000000 2010.103271 0.000000 0.241390 0.000000 -0.970428 1.000000 1.000000 1.000000
3980.943359 0.000000 2039.963623 0.000000 0.480235 0.000000 -0.877140 1.000000 1.000000 1.000000
3981.499512 0.000000 2033.175171 0.000000 0.079862 0.000000 -0.996806 1.000000 1.000000 1.000000
3996.184082 0.000000 2035.925293 0.000000 0.449233 0.000000 -0.893414 1.000000 1.000000 1.000000
3983.298096 0.000000 2020.414062 0.000000 0.309253 0.000000 -0.950980 1.000000 1.000000 1.000000
3980.024170 0.000000 2036.405151 0.000000 0.388267 0.000000 -0.921547 1.000000 1.000000 1.000000
3976.421631 0.000000 2042.162354 0.000000 0.122281 0.000000 -0.992496 1.000000 1.000000 1.000000
3967.724609 0.000000 2024.789429 0.000000 0.121012 0.000000 -0.992651 1.000000 1.000000 1.000000
3985.139893 0.000000 2030.824951 0.000000 0.538792 0.000000 -0.842439 1.000000 1.000000 1.000000
3997.960449 0.000000 2034.432983 0.000000 0.433413 0.000000 -0.901196 1.000000 1.000000 1.000000
3867.898438 0.000000 2055.164795 0.000000 0.796730 0.000000 -0.604335 1.000000 1.000000 1.000000
3897.942139 0.000000 2061.025391 0.000000 0.734195 0.000000 -0.678939 1.000000 1.000000 1.000000
3875.054199 0.000000 2058.644775 0.000000 0.241868 0.000000 -0.970309 1.000000 1.000000 1.000000
3894.903076 0.000000 2068.026367 0.000000 0.287735 0.000000 -0.957710 1.000000 1.000000 1.000000
3879.766357 0.000000 2059.534912 0.000000 0.346496 0.000000 -0.938051 1.000000 1.000000 1.000000
3890.585449 0.000000 2066.229492 0.000000 0.579032 0.000000 -0.815305 1.000000 1.000000 1.000000
3897.889160 0.000000 2070.440674 0.000000 0.232769 0.000000 -0.972532 1.000000 1.000000 1.000000
3871.032959 0.000000 2056.092041 0.000000 0.105010 0.000000 -0.994471 1.000000 1.000000 1.000000
3873.089355 0.000000 2057.310303 0.000000 0.190435 0.000000 -0.981700 1.000000 1.000000 1.000000
3872.835938 0.000000 2059.579102 0.000000 0.341085 0.000000 -0.940032 1.000000 1.000000 1.000000
3951.801758 0.000000 2069.443359 0.000000 0.637932 0.000000 -0.770093 1.000000 1.000000 1.000000
3913.198975 0.000000 2057.745361 0.000000 0.720165 0.000000 -0.693802 1.000000 1.000000 1.000000
3928.538818 0.000000 2069.832275 0.000000 0.630320 0.000000 -0.776335 1.000000 1.000000 1.000000
3963.187988 0.000000 2053.877441 0.000000 0.419917 0.000000 -0.907562 1.000000 1.000000 1.000000
3956.407715 0.000000 2054.803223 0.000000 0.246767 0.000000 -0.969075 1.000000 1.000000 1.000000
3905.841064 0.000000 2056.961914 0.000000 0.158353 0.000000 -0.987383 1.000000 1.000000 1.000000
3915.381348 0.000000 2062.928711 0.000000 0.767913 0.000000 -0.640554 1.000000 1.000000 1.000000
3918.263184 0.000000 2058.665039 0.000000 0.370797 0.000000 -0.928714 1.000000 1.000000 1.000000
3946.730957 0.000000 2069.279785 0.000000 0.170999 0.000000 -0.985271 1.000000 1.000000 1.000000
3957.636230 0.000000 2063.281006 0.000000 0.852187 0.000000 -0.523238 1.000000 1.000000 1.000000
3933.093506 0.000000 2071.133301 0.000000 0.427805 0.000000 -0.903871 1.000000 1.000000 1.000000
3965.537842 0.000000 2057.767822 0.000000 0.390106 0.000000 -0.920770 1.000000 1.000000 1.000000
3909.411377 0.000000 2055.395264 0.000000 0.280704 0.000000 -0.959794 1.000000 1.000000 1.000000
3918.679443 0.000000 2062.129395 0.000000 0.634313 0.000000 -0.773076 1.000000 1.000000 1.000000
3903.594971 0.000000 2066.077393 0.000000 0.177383 0.000000 -0.984142 1.000000 1.000000 1.000000
3941.144043 0.000000 2071.098389 0.000000 0.564428 0.000000 -0.825483 1.000000 1.000000 1.000000
3949.369873 0.000000 2068.058594 0.000000 0.717143 0.000000 -0.696927 1.000000 1.000000 1.000000
3962.387207 0.000000 2067.844238 0.000000 0.272378 0.000000 -0.962190 1.000000 1.000000 1.000000
3917.382568 0.000000 2060.531738 0.000000 0.348559 0.000000 -0.937287 1.000000 1.000000 1.000000
3977.191162 0.000000 2057.745361 0.000000 0.607919 0.000000 -0.793999 1.000000 1.000000 1.000000
3976.317139 0.000000 2067.828125 0.000000 0.171562 0.000000 -0.985173 1.000000 1.000000 1.000000
3984.108643 0.000000 2051.254639 0.000000 0.794089 0.000000 -0.607802 1.000000 1.000000 1.000000
3979.373535 0.000000 2062.928711 0.000000 0.170334 0.000000 -0.985386 1.000000 1.000000 1.000000
3974.340332 0.000000 2062.403564 0.000000 0.009030 0.000000 -0.999959 1.000000 1.000000 1.000000
3967.636719 0.000000 2059.987549 0.000000 0.124347 0.000000 -0.992239 1.000000 1.000000 1.000000
3987.879395 0.000000 2051.130615 0.000000 0.786686 0.000000 -0.617353 1.000000 1.000000 1.000000
"}
